75 62 50 65300 65300 65300 65300 65300 65300 65300 65300 65300 65300 65300 65300 65300 65300 65300 65300 65300 65300 65300 65300 65300 65300 65300 65300 65300 65300 65300 65300 65300 65300 65300 51 50 65300 59 65300 65300 65300 65300 65300 65300 65300 65300 65300 65300 65300 65300 51 65300 65300 65300 65300 65300 65300 65300 65300 65300 65300 65300 65300 65300 65300 65300 65300 65300 65300 65300 65300 65300 65300 65300 65300 65300 65300 65300 65300 65300 65300 65300 65300 65300 65300 65300 65300 65300 65300 65300 65300 65300 65300 65300 65300 65300 65300 65300 65300 65300 65300 65300 65300 65300 65300 65300 65300 65300 65300 65300 65300 65300 65300 65300 65300 65300 65300 65300 65300 65300
65 56 65300 65300 65300 65300 65300 65300 65300 65300 65300 65300 65300 65300 65300 65300 65300 65300 65300 65300 65300 65300 65300 65300 54 61 64 65300 52 61 53 56 53 60 54 64 63 70 61 63 57 58 56 58 56 55 57 56 65300 53 63 60 66 59 55 58 61 56 65300 53 53 53 65300 55 55 50 65300 65300 65300 65300 50 54 53 54 50 56 50 65300 51 60 51 65300 65300 65300 65300 65300 65300 65300 65300 65300 65300 65300 65300 65300 65300 65300 65300 65300 65300 65300 65300 65300 65300 65300 65300 65300 65300 65300 65300 65300 65300 65300 65300 65300 65300 65300 65300 65300 65300 65300
56 54 65300 65300 65300 65300 65300 65300 65300 65300 65300 65300 65300 65300 65300 65300 53 56 57 65300 53 65300 65300 56 58 78 78 71 75 80 67 68 59 71 72 75 76 75 81 70 78 85 84 87 74 80 73 63 65300 61 80 75 79 89 72 79 76 80 75 74 75 78 73 75 70 60 56 64 59 53 59 65 60 62 70 64 71 54 57 69 64 65 55 65300 53 53 53 65300 65300 54 60 52 65300 52 52 65300 65300 65300 52 65300 65300 65300 65300 65300 65300 65300 65300 65300 65300 50 65300 65300 65300 65300 65300 65300 65300 65300 65300 65300
57 50 65300 65300 65300 65300 65300 65300 65300 65300 65300 65300 65300 57 58 54 68 70 64 54 59 64 55 64 83 95 91 82 83 84 84 74 80 90 95 89 89 95 90 82 88 102 104 107 88 82 79 78 55 71 91 96 108 109 93 92 94 97 95 90 97 96 83 81 80 74 87 84 82 72 64 76 72 72 90 92 85 62 65 76 68 71 69 67 64 61 56 63 54 57 73 69 66 72 59 51 52 61 70 56 65300 65300 65300 65300 65300 65300 65300 65300 59 52 65300 54 65300 65300 65300 65300 65300 65300 65300 65300
65300 65300 65300 65300 65300 65300 65300 65300 65300 57 58 60 60 61 68 77 88 106 90 65 73 77 80 102 114 114 115 111 105 112 106 93 95 108 114 107 108 105 112 107 109 116 126 121 108 108 88 108 83 108 122 119 120 124 115 120 126 138 121 122 116 112 99 95 99 94 103 107 97 101 89 105 103 112 116 111 99 75 84 103 95 91 91 83 78 81 81 78 76 74 78 80 85 92 94 84 75 82 97 90 68 64 61 57 65300 65300 65300 65300 56 62 59 64 59 56 52 65300 65300 65300 65300 65300
65300 65300 65300 65300 65300 65300 65300 65300 65300 68 65 72 61 72 76 95 104 128 113 70 85 96 106 104 122 127 120 124 118 116 111 117 115 119 117 116 104 113 123 120 116 127 135 133 126 123 113 122 100 112 138 134 136 138 135 157 159 158 148 138 133 121 120 119 121 108 103 109 108 111 111 122 118 122 126 121 105 90 110 120 112 106 88 91 89 91 100 103 91 78 72 72 84 99 113 106 91 84 95 93 85 84 86 72 59 65300 65300 65300 64 67 52 66 74 61 60 55 65300 65300 65300 65300
65300 65300 65300 65300 65300 65300 65300 65300 65300 71 82 84 76 88 110 121 143 144 125 84 105 114 112 121 120 138 135 134 134 132 119 129 144 154 152 139 117 125 139 134 151 150 159 148 158 159 155 144 102 133 137 150 156 171 176 190 191 189 177 158 152 149 152 153 146 129 126 123 130 134 137 139 143 143 136 127 123 111 123 136 129 121 115 109 111 106 114 111 105 100 93 87 102 110 123 119 107 102 102 112 111 105 99 85 77 66 51 65300 82 95 78 61 70 67 78 70 54 53 65300 65300
65300 65300 65300 65300 65300 65300 65300 65300 51 76 88 87 104 113 147 146 148 145 122 102 115 134 135 129 129 140 146 156 149 131 128 142 159 165 171 147 131 136 146 158 165 167 169 175 166 174 177 153 110 130 159 168 185 209 214 202 211 191 194 187 191 187 184 170 165 162 160 170 151 161 147 156 138 149 152 152 141 117 126 141 141 151 153 147 140 132 123 123 126 128 121 108 111 114 115 130 122 120 121 119 124 123 109 93 91 86 58 62 90 115 101 76 74 77 87 86 64 57 50 65300
65300 65300 65300 65300 65300 65300 65300 65300 56 84 93 90 102 119 141 146 143 130 109 101 112 141 141 127 137 134 140 139 136 130 130 158 167 163 157 148 142 147 165 176 170 174 192 181 172 170 162 151 125 136 183 192 199 206 201 206 185 199 196 207 204 201 175 165 169 162 172 188 169 164 158 145 149 154 166 145 132 114 137 134 143 153 163 153 142 134 117 112 124 127 135 122 108 102 103 119 131 127 107 110 110 104 101 88 98 94 76 66 85 103 100 74 75 79 83 88 75 56 50 65300
65300 65300 65300 65300 65300 65300 65300 65300 58 73 86 88 86 98 114 123 122 139 138 123 117 132 136 134 128 133 134 140 128 130 147 165 157 153 147 134 148 152 160 180 179 175 169 158 153 145 140 139 143 173 177 183 180 190 172 187 171 170 166 171 175 166 163 164 155 156 160 164 150 154 148 153 148 148 149 144 140 131 135 141 131 143 144 148 145 150 131 120 122 123 123 119 117 113 101 113 134 134 109 99 105 113 102 103 102 101 89 77 81 104 106 91 81 79 89 92 74 56 65300 65300
65300 65300 65300 65300 65300 65300 65300 50 70 103 114 110 117 115 131 152 162 183 180 130 153 168 153 162 176 181 184 185 181 189 195 211 200 189 199 188 213 220 233 236 220 204 206 206 204 203 205 206 185 197 240 238 213 217 204 203 207 200 210 203 198 208 207 217 211 194 186 192 193 191 224 207 199 200 202 203 198 151 174 187 179 182 182 186 184 203 191 189 163 151 150 167 164 148 146 147 151 171 152 134 133 141 141 139 141 132 99 98 117 134 159 137 113 100 120 114 98 82 68 54
65300 65300 65300 65300 55 59 62 66 93 118 130 128 140 160 173 177 186 190 191 157 183 187 183 193 218 227 234 244 242 246 241 239 221 226 236 256 260 254 277 262 250 237 248 250 257 267 269 265 212 234 271 257 252 248 239 229 234 243 242 244 263 256 260 263 250 243 239 231 229 232 244 239 255 251 259 248 239 182 195 220 214 209 214 212 218 214 219 218 207 178 173 182 192 181 162 155 157 177 177 159 164 166 184 156 155 136 105 128 143 133 174 159 124 115 131 128 120 112 85 70
65300 65300 65300 50 60 64 69 77 86 108 130 138 155 183 203 200 184 185 201 163 183 191 216 222 251 251 263 253 275 249 244 231 233 249 265 266 265 269 260 255 267 285 279 278 277 297 295 285 229 243 291 266 282 267 268 259 261 266 269 277 299 293 301 286 286 300 282 264 258 254 248 254 269 284 294 274 269 197 207 236 242 233 233 237 225 219 228 236 236 224 194 187 206 189 175 158 167 183 186 182 183 193 189 186 171 161 132 144 156 140 152 176 143 138 142 134 129 112 100 79
65300 65300 65300 52 56 64 57 75 106 132 139 149 162 208 236 212 193 218 225 184 179 206 239 256 270 270 266 264 262 265 271 265 271 282 309 310 272 253 276 264 300 304 336 314 302 302 311 290 257 255 295 295 287 288 286 278 302 292 300 311 315 284 343 339 341 342 338 322 292 290 281 287 286 305 310 303 286 220 226 262 265 264 258 257 244 241 238 254 257 242 206 201 214 211 203 187 191 198 182 190 204 206 210 221 219 188 147 162 175 160 151 187 182 172 150 144 138 116 94 88
65300 65300 65300 50 58 62 63 91 117 149 161 176 187 225 226 201 201 244 269 202 193 227 263 265 272 265 260 267 262 276 307 286 287 289 294 284 279 269 302 314 330 322 351 343 320 311 326 334 276 263 309 300 296 306 309 325 358 328 323 317 333 366 349 383 365 368 375 360 350 350 312 331 314 320 322 314 321 257 256 291 287 270 280 264 269 273 265 253 258 253 234 212 224 236 232 217 217 188 187 184 227 238 234 229 237 212 152 175 201 188 164 173 198 195 167 159 155 127 111 102
65300 65300 65300 65300 62 67 71 89 122 151 167 177 198 230 213 195 221 262 270 209 221 251 266 241 246 251 265 269 285 293 296 292 312 287 280 274 284 289 315 332 337 339 341 321 301 329 346 342 273 275 308 328 318 326 336 353 348 350 345 328 368 356 350 366 359 392 369 375 373 379 373 353 355 344 340 322 330 270 294 300 278 281 287 285 295 293 272 253 252 263 254 234 241 234 253 230 221 217 203 191 220 243 255 238 229 224 179 188 208 215 189 171 191 203 190 173 179 151 116 104
65300 65300 65300 50 58 73 82 102 117 153 165 195 226 234 224 226 245 268 265 211 211 257 268 252 250 250 271 276 295 302 300 290 281 300 309 316 321 310 329 346 352 365 351 376 343 330 343 346 285 284 337 322 344 340 338 359 353 363 376 373 367 347 347 352 361 379 417 412 414 424 421 399 388 399 376 361 361 274 288 324 325 314 328 318 308 281 284 272 264 282 278 269 247 246 265 251 246 236 218 221 219 239 264 238 233 236 210 211 230 264 206 176 175 189 191 185 187 168 130 99
65300 65300 65300 50 58 64 84 108 125 153 172 187 196 214 216 245 252 265 248 194 207 254 270 258 254 253 253 263 270 279 282 294 287 318 332 333 333 330 325 343 382 371 378 377 349 324 338 344 293 291 340 334 333 353 369 366 371 372 399 373 368 370 347 367 382 389 418 416 423 417 448 452 438 441 428 400 349 285 298 342 341 338 332 326 301 304 285 288 278 277 274 279 273 249 266 264 252 230 214 226 210 216 228 245 232 224 192 228 252 276 256 199 180 195 183 190 175 162 137 106
65300 65300 65300 65300 59 72 87 104 127 160 177 177 184 203 221 254 262 262 246 205 217 260 268 269 261 251 255 257 282 290 305 311 307 324 350 346 339 363 392 371 368 370 360 381 353 332 343 338 282 279 330 366 358 378 371 409 416 408 404 395 394 409 406 401 404 427 420 394 388 404 423 440 460 447 458 418 395 323 326 353 353 345 315 326 345 330 328 295 293 274 278 283 290 289 276 282 268 228 222 229 223 237 238 232 227 213 172 218 264 291 281 244 200 216 197 182 175 160 153 131
65300 65300 65300 65300 66 84 92 99 136 164 188 184 180 183 225 261 263 264 266 227 220 250 241 232 243 249 282 281 284 282 300 320 329 338 374 366 357 350 366 383 383 369 347 346 360 367 368 354 309 296 358 399 395 410 424 405 422 415 430 428 435 430 452 458 409 423 406 399 403 417 398 409 407 435 423 444 421 338 337 341 341 320 333 347 357 335 321 298 289 291 273 284 277 294 294 286 276 242 234 228 225 230 230 240 227 192 163 199 242 263 258 237 184 198 228 188 173 150 143 142
65300 65300 65300 52 63 84 92 110 127 156 166 167 169 194 222 263 245 266 270 213 197 236 231 250 254 290 330 308 302 291 306 318 339 363 377 386 386 382 370 354 376 374 362 362 343 343 354 348 314 306 367 390 417 429 430 424 438 421 414 434 462 488 465 433 416 419 428 419 401 402 389 395 399 437 433 417 421 336 344 360 355 351 348 347 357 342 315 305 295 291 303 277 279 280 296 300 283 279 254 251 241 246 247 243 226 201 160 198 230 254 230 213 186 182 213 217 185 150 135 132
65300 65300 65300 52 71 88 100 116 137 156 158 163 183 213 251 241 237 254 250 189 180 223 240 267 288 319 316 300 293 287 335 322 349 372 386 389 361 329 355 353 358 365 376 380 381 363 365 365 339 348 399 410 413 422 440 426 464 452 453 444 455 455 469 456 452 431 423 410 392 399 397 408 395 405 412 417 395 321 323 377 387 371 361 339 342 337 327 332 332 328 307 291 280 293 284 292 300 286 286 272 244 241 256 278 246 214 168 199 248 247 219 202 193 181 190 218 200 171 137 123
65300 65300 65300 56 72 85 103 127 142 169 154 166 184 237 231 228 221 235 240 181 174 227 278 284 312 310 301 281 290 298 322 317 352 350 351 350 368 350 364 356 360 351 368 375 375 383 375 378 347 356 424 411 414 427 442 438 467 445 449 442 433 456 446 429 427 439 413 413 416 427 446 428 406 406 396 407 403 320 350 378 367 380 349 346 349 336 346 326 323 310 297 294 307 290 282 278 286 283 275 278 286 246 253 277 254 219 168 210 265 282 223 209 202 180 180 186 201 167 144 117
65300 65300 65300 66 80 94 104 135 151 156 159 176 199 230 230 215 229 229 233 192 175 234 275 293 311 303 292 283 298 316 360 334 327 303 337 350 363 358 357 350 367 354 372 373 395 415 403 403 362 342 442 429 437 457 468 451 472 446 451 454 458 456 461 447 447 407 415 409 430 442 447 417 403 424 414 420 400 318 360 375 365 369 363 360 360 343 341 341 322 303 296 323 321 324 287 283 277 284 276 290 300 271 259 268 259 230 176 213 262 300 244 208 216 193 184 184 180 183 147 120
65300 65300 54 87 100 110 119 128 145 150 160 179 188 235 238 203 225 232 242 182 181 233 253 284 306 288 313 318 329 344 338 328 312 312 345 354 367 359 364 355 377 383 395 408 439 430 414 405 378 354 456 458 464 454 465 449 475 474 472 470 477 468 441 432 436 422 423 411 423 455 452 461 447 468 426 415 386 322 332 372 380 391 368 384 370 352 352 335 346 336 310 331 341 331 306 274 278 271 264 289 290 276 254 267 265 222 179 212 270 294 285 227 217 212 195 195 165 170 155 127
65300 65300 71 95 103 114 110 123 144 144 155 181 207 229 221 216 239 235 215 178 175 235 273 299 305 302 301 320 342 332 318 306 307 306 349 391 377 363 379 377 399 432 424 408 419 414 430 407 396 375 431 461 451 470 459 470 481 474 479 495 459 465 457 452 428 421 435 435 422 432 457 461 448 469 441 417 394 325 323 396 382 379 382 370 361 338 339 352 349 327 320 312 327 343 320 298 278 290 278 292 279 255 259 243 246 233 177 241 277 297 275 229 210 209 226 203 171 156 155 139
65300 50 79 108 108 105 105 122 134 149 166 190 201 225 210 213 240 224 212 168 185 259 302 323 325 289 282 314 337 330 322 333 319 334 342 358 356 370 397 414 406 440 433 422 418 406 429 418 398 382 453 448 450 455 492 486 497 502 509 468 479 493 481 473 471 444 439 450 443 465 465 462 467 478 473 411 393 324 336 373 390 391 369 379 373 365 346 335 340 325 317 327 334 333 339 293 270 282 282 304 273 245 249 249 245 235 191 243 262 262 281 239 214 214 231 224 192 157 136 138
65300 58 76 88 95 79 88 113 139 155 152 186 203 204 190 202 220 217 214 188 192 284 304 306 295 275 284 318 323 321 315 333 322 341 349 357 370 414 416 428 413 435 425 422 447 465 449 460 414 386 417 481 498 478 510 520 501 505 489 514 516 504 495 488 465 440 440 445 444 450 444 475 455 440 455 437 402 317 330 374 353 369 391 399 400 355 329 330 337 325 330 350 350 338 349 301 274 273 282 307 292 246 241 232 225 214 183 221 251 267 258 252 236 213 218 234 196 167 147 146
65300 65300 62 78 86 94 104 134 147 148 160 190 200 203 192 209 231 216 228 209 201 262 282 279 266 291 309 325 325 323 313 332 322 327 351 378 382 385 412 441 427 463 454 438 455 450 465 476 419 394 466 467 486 509 503 521 530 524 528 556 512 506 471 488 476 475 455 480 459 446 447 451 441 452 453 442 399 322 340 359 383 375 398 402 379 351 338 335 334 317 343 361 342 333 335 328 297 283 293 316 294 274 236 219 217 215 190 239 260 257 238 226 215 207 194 208 207 168 157 152
65300 65300 62 72 84 97 128 148 146 144 159 183 207 197 200 208 205 233 241 218 204 248 257 260 263 280 303 301 320 306 318 338 344 338 371 382 384 390 413 430 461 476 471 475 475 462 443 461 430 440 487 478 480 474 508 507 536 565 539 512 521 509 519 507 525 493 496 476 466 454 437 444 444 456 447 440 427 350 371 402 392 396 378 391 375 356 364 350 347 352 347 358 331 327 326 338 322 296 304 282 274 267 244 218 207 216 191 250 269 257 227 234 205 198 189 186 192 169 159 154
65300 65300 63 84 85 110 126 144 138 137 163 197 222 216 208 218 237 230 245 211 194 245 261 266 291 306 303 297 301 311 350 356 353 338 348 343 378 402 435 452 461 447 451 454 450 423 451 450 437 446 466 475 458 496 497 524 525 528 526 497 513 506 510 494 496 511 491 504 466 464 458 448 436 451 449 441 437 354 390 411 381 387 378 417 380 375 361 356 360 340 354 361 344 335 347 342 344 315 325 293 270 273 256 223 211 200 188 262 283 255 242 228 200 185 185 175 184 165 142 130
65300 57 82 84 101 106 102 124 134 163 186 208 223 212 198 193 230 248 261 217 195 254 264 287 306 316 296 296 304 320 354 357 333 325 342 380 383 433 453 451 440 436 425 430 433 467 467 472 451 444 450 474 476 478 487 494 502 504 499 485 494 503 535 492 492 486 493 512 487 456 466 432 423 427 430 455 455 384 401 413 404 380 413 430 403 370 351 339 343 341 358 368 353 341 329 332 307 301 310 308 273 291 286 251 216 200 182 257 286 269 249 243 222 193 185 180 182 180 140 131
65300 56 74 93 96 102 105 120 151 175 184 200 214 200 184 206 238 247 257 233 198 236 263 295 314 314 306 324 333 329 344 320 326 337 338 367 391 400 430 432 443 447 438 439 450 453 469 447 445 452 450 457 468 456 461 460 479 487 474 479 495 498 462 469 503 479 511 501 511 474 439 451 453 434 405 453 437 380 414 430 415 405 399 386 379 378 354 338 350 357 371 357 370 355 334 320 304 305 319 326 268 284 274 242 218 208 188 258 302 296 257 253 228 195 182 188 181 158 141 133
65300 58 86 108 114 119 120 141 171 176 194 216 213 206 213 221 259 260 262 241 203 254 277 293 326 319 303 319 329 327 348 337 314 334 341 390 382 403 413 421 435 463 452 447 438 446 461 473 454 487 435 444 450 440 457 468 493 490 467 487 452 472 483 490 488 491 491 518 501 500 467 484 438 440 442 440 442 407 411 476 437 418 389 377 401 389 380 359 363 382 377 374 356 349 327 340 316 304 334 311 254 258 265 264 236 210 188 283 316 305 275 262 237 208 190 209 188 163 147 142
65300 65300 83 103 103 105 115 141 180 173 178 213 244 242 244 260 255 251 241 219 198 255 307 322 333 298 282 296 320 344 361 323 318 329 340 364 390 423 428 434 419 434 434 434 442 439 471 453 455 528 442 435 432 462 443 453 467 467 431 449 453 450 461 488 447 465 475 503 485 486 488 476 452 446 443 448 460 384 427 456 448 403 386 388 411 437 403 393 355 344 350 373 361 341 348 331 322 309 319 310 259 240 251 252 247 219 200 292 290 300 285 264 232 201 197 201 199 174 154 131
65300 56 72 87 97 93 121 153 170 161 172 225 260 267 239 237 243 259 247 213 185 260 313 338 319 301 315 317 325 338 339 320 297 309 331 393 432 427 435 424 408 420 416 417 453 448 460 465 454 543 427 442 463 449 444 454 457 451 442 443 450 445 435 439 445 469 484 504 498 498 477 496 434 468 457 464 458 405 420 456 450 408 403 392 413 409 413 400 364 353 387 381 371 356 352 326 302 307 337 330 270 235 239 243 241 216 196 277 285 292 294 283 243 196 184 211 218 188 150 122
65300 51 63 80 82 85 112 140 161 155 182 230 269 261 218 228 243 256 245 230 197 262 285 320 307 311 306 321 350 325 315 297 297 325 366 407 408 425 426 417 419 425 426 444 460 435 442 459 446 572 420 447 433 447 447 429 444 453 455 420 440 456 447 436 445 490 472 482 474 479 470 469 457 478 477 458 457 420 454 475 469 427 402 388 392 402 410 385 374 388 385 397 384 350 322 301 309 322 340 334 279 247 231 227 218 210 202 289 308 297 301 273 234 207 181 192 195 183 154 130
65300 65300 58 67 83 91 109 126 143 153 178 234 251 220 230 213 233 253 236 210 187 246 285 286 282 285 305 332 316 310 304 291 301 353 372 392 396 401 399 390 389 417 443 434 417 429 440 458 433 500 405 406 398 407 418 432 421 431 440 436 428 440 445 427 440 422 452 455 473 470 465 459 453 428 428 444 452 402 426 451 436 383 346 352 358 362 390 378 341 327 347 342 322 303 297 291 281 283 300 279 237 216 194 193 179 176 193 256 269 239 246 248 206 173 150 149 156 144 120 108
65300 65300 65300 57 65 77 87 103 107 115 147 163 175 171 170 179 176 190 182 171 177 205 248 240 228 184 230 238 249 258 252 245 255 272 285 306 316 341 334 343 342 331 364 387 399 372 404 407 398 413 431 409 425 448 480 492 487 488 504 499 507 507 502 437 429 416 426 424 445 452 448 421 411 380 375 385 385 414 391 373 347 322 305 293 322 324 338 333 297 293 279 282 284 267 255 245 247 247 246 227 202 182 176 172 162 181 206 243 239 201 192 204 182 171 138 140 149 130 105 95
65300 65300 65300 65300 67 74 78 91 87 106 152 176 178 159 174 165 170 181 190 198 190 253 284 270 251 254 251 275 297 290 284 293 294 317 341 365 356 386 404 381 376 369 393 432 435 434 438 413 418 429 411 408 423 434 444 450 455 500 532 481 476 481 448 451 422 441 427 420 450 464 449 438 444 422 421 426 446 403 390 392 356 331 318 294 306 289 303 297 265 252 260 266 288 245 231 214 214 211 216 196 179 149 142 128 125 175 225 198 169 138 132 136 121 106 96 92 99 84 69 74
65300 65300 65300 65300 65300 65300 65300 65300 65300 65300 65300 65300 65300 65300 65300 65300 65300 65300 159 220 207 271 306 307 287 276 299 325 326 307 306 306 331 360 400 410 416 424 418 433 420 418 473 463 490 444 452 462 416 457 430 422 419 409 437 461 463 469 487 475 467 441 456 450 444 459 425 425 446 455 473 490 477 482 473 465 434 404 409 350 165 121 111 112 106 115 121 107 106 99 111 126 217 135 100 99 101 104 120 108 100 93 82 78 76 149 215 143 129 117 93 90 80 79 72 75 69 63 53 69
65300 65300 65300 65300 65300 65300 65300 65300 53 79 103 130 109 92 97 119 143 159 159 181 190 276 305 297 303 280 319 317 321 315 313 301 334 377 413 415 414 415 414 419 404 474 487 467 490 443 459 457 434 459 436 423 439 423 451 470 462 485 467 471 471 462 468 448 462 460 448 420 435 444 481 454 445 461 452 467 433 392 357 309 294 253 233 239 228 225 231 228 201 182 183 171 171 156 144 147 136 143 149 127 121 115 94 85 89 98 115 119 121 110 88 81 78 66 65 58 57 65300 65300 65300
65300 65300 65300 65300 65300 65300 65300 65300 65300 65300 65300 65300 65300 65300 65300 65300 65300 65 61 65300 163 281 338 317 287 291 294 310 349 341 340 322 341 362 387 417 415 416 424 438 429 431 459 472 485 483 454 451 421 455 425 423 441 442 451 459 485 475 460 510 476 497 493 492 440 431 445 431 437 444 481 456 465 465 469 450 450 396 197 156 154 146 128 131 134 126 124 122 125 116 109 108 120 116 108 99 115 118 112 86 92 83 89 77 85 92 103 88 87 92 85 73 64 65 64 53 65300 65300 65300 65300
65300 65300 65300 65300 65300 65300 65300 52 69 79 92 89 127 113 109 81 141 142 134 86 175 286 336 328 298 290 303 322 355 360 342 331 332 362 370 406 401 417 419 424 431 450 451 485 501 478 467 423 413 423 413 419 449 434 441 443 487 454 485 479 469 509 483 480 467 463 451 452 422 458 464 454 460 459 441 448 436 380 270 312 340 316 271 289 308 319 291 267 282 277 271 232 302 300 279 215 288 299 308 209 224 231 231 180 201 251 287 227 188 240 245 188 133 169 171 152 101 123 123 102
65300 65300 65300 58 83 84 78 91 120 149 151 134 200 184 170 118 229 238 223 125 186 272 321 312 293 300 321 333 352 353 317 329 331 365 379 411 396 396 414 405 430 464 451 472 468 474 457 440 425 432 401 417 419 443 443 416 471 478 507 479 484 483 492 496 444 463 448 436 431 438 443 467 472 456 443 446 417 377 292 345 365 332 290 288 296 290 275 240 265 268 260 227 275 267 243 186 231 257 251 156 186 191 186 135 153 187 213 169 155 182 177 132 105 117 117 105 83 86 83 65
65300 65300 65300 65300 65300 65300 65300 66 86 106 108 89 132 132 120 89 148 158 140 91 169 253 303 311 301 315 326 339 342 324 317 334 351 368 390 399 402 404 404 424 402 428 460 473 462 455 440 466 435 400 404 407 412 420 436 441 464 481 479 497 507 497 476 495 470 468 445 443 427 434 448 448 455 427 425 424 426 355 271 204 202 196 162 160 177 188 169 160 163 163 158 152 166 171 161 130 157 178 170 134 129 146 133 108 112 143 163 141 131 152 149 120 97 105 105 88 74 81 79 62
65300 65300 65300 65300 69 83 69 79 128 158 161 121 179 185 193 115 213 218 216 119 174 275 316 329 316 306 307 338 336 347 333 314 329 365 357 379 377 411 414 401 410 436 438 458 497 493 486 462 414 376 408 403 406 422 421 449 448 459 473 496 482 498 476 458 445 442 452 473 459 451 444 476 462 451 475 439 435 384 282 365 399 377 316 338 379 371 344 297 325 327 305 260 327 332 306 244 309 330 316 202 247 267 262 181 204 247 295 243 239 283 262 195 154 186 181 145 110 134 131 105
65300 65300 65300 65300 66 74 63 62 103 119 136 96 144 155 151 89 166 168 173 103 170 254 323 291 305 302 290 321 338 356 362 321 330 358 383 385 408 400 408 381 390 397 421 475 487 511 492 458 413 388 420 400 404 422 413 418 455 422 486 493 465 481 482 478 462 466 452 449 463 466 439 477 462 437 456 436 430 384 208 219 230 221 188 192 211 219 179 171 181 180 173 156 180 176 166 140 166 177 158 111 124 134 123 85 108 126 141 104 112 120 116 77 70 78 77 56 50 60 65300 65300
65300 65300 65300 65300 65300 65300 65300 65300 65300 65300 51 65300 50 60 61 65300 61 78 78 53 149 236 299 305 312 293 309 334 346 345 324 320 324 369 391 399 403 396 390 384 404 417 441 476 479 482 497 481 437 397 414 407 418 428 411 425 419 411 432 444 461 447 465 457 462 456 460 449 439 451 457 456 450 460 451 445 419 350 155 127 131 128 107 108 121 121 109 107 108 110 95 97 102 106 98 88 102 103 91 68 78 79 73 53 71 82 88 64 72 80 74 65300 65300 55 50 65300 65300 65300 65300 65300
65300 65300 65300 65300 65300 65300 65300 65300 65300 65300 65300 65300 65300 65300 65300 65300 65300 54 58 65300 129 237 298 310 311 300 305 319 337 336 334 324 336 350 369 396 410 414 388 405 405 419 447 447 476 485 474 480 449 388 426 418 423 391 415 444 435 397 429 429 431 433 460 457 441 452 446 452 458 456 464 454 453 448 459 448 454 361 160 135 154 141 125 132 150 149 128 119 126 122 121 109 125 120 114 100 111 111 111 92 102 98 89 73 85 101 115 86 101 110 96 71 74 81 83 62 55 60 55 65300
65300 65300 65300 65300 65300 52 50 65300 68 90 104 70 108 105 106 62 108 116 126 85 143 242 302 292 292 288 285 304 337 357 362 346 348 360 365 404 414 419 405 378 391 402 445 461 486 498 534 514 464 400 415 444 440 417 414 432 432 423 442 420 435 453 477 443 440 455 470 478 476 460 467 449 455 435 432 453 446 378 239 284 330 333 294 310 352 359 300 269 294 293 289 240 285 297 288 203 268 266 253 184 226 223 214 152 197 229 264 196 218 247 218 156 138 176 175 135 111 130 125 93
65300 65300 65300 65300 69 85 75 62 97 134 146 100 166 170 169 91 173 190 192 114 149 234 294 308 296 290 283 290 360 378 351 331 332 325 363 400 434 450 427 385 395 402 403 447 442 483 508 488 447 389 419 464 461 474 441 439 411 427 445 451 439 424 432 456 471 459 458 472 482 463 446 475 458 468 451 458 451 364 248 225 245 258 231 245 275 262 224 198 222 229 206 177 219 212 199 155 182 182 175 133 143 150 135 104 129 155 177 128 146 155 133 102 93 113 109 84 71 80 81 55
65300 65300 65300 65300 59 66 67 50 90 108 120 81 148 151 139 78 140 169 177 111 139 212 277 306 314 304 291 332 349 383 373 336 356 362 390 432 441 447 414 439 413 399 403 431 433 449 479 464 476 411 440 468 458 456 435 436 463 454 444 455 451 426 443 453 439 472 459 485 473 477 476 490 465 446 483 470 440 346 240 189 200 201 185 189 205 215 181 165 182 185 172 157 167 173 175 138 155 171 165 116 130 136 129 105 124 151 162 132 136 149 131 101 91 119 111 85 79 92 90 64
65300 65300 65300 65300 57 80 81 59 108 141 146 87 158 171 171 89 162 183 186 135 140 197 262 299 302 317 298 312 339 370 368 367 379 387 382 399 414 433 444 438 425 425 404 401 412 450 467 509 480 407 466 478 485 490 479 490 486 482 464 458 461 453 475 461 456 473 462 477 478 479 469 467 474 453 474 464 452 360 241 280 317 325 295 307 348 344 297 277 315 300 275 229 284 277 263 187 235 249 254 167 201 205 203 135 162 202 237 167 185 205 184 116 114 152 137 89 94 113 95 63
65300 65300 65300 65300 65300 65300 65300 65300 59 75 80 65300 83 93 90 51 76 96 109 71 113 204 262 284 286 279 281 298 340 381 365 358 358 365 363 398 422 443 477 453 412 424 400 406 410 443 468 474 472 370 477 482 517 509 480 519 477 483 483 475 469 470 492 485 459 443 443 465 470 475 454 454 462 457 463 481 452 345 159 127 145 138 124 124 139 139 125 116 126 125 105 100 118 112 101 89 95 98 93 71 79 82 74 59 76 83 88 63 77 81 62 65300 51 54 65300 65300 65300 65300 65300 65300
65300 65300 65300 65300 65300 65300 65300 65300 65300 65300 65300 65300 65300 65300 65300 65300 65300 52 58 52 111 208 259 277 264 254 286 302 342 361 347 365 363 358 352 379 421 453 457 466 452 437 428 437 453 430 435 464 450 372 462 508 516 518 502 504 505 499 478 475 491 452 476 497 474 466 470 462 445 464 479 483 486 500 481 451 411 338 141 101 111 106 98 101 108 109 92 94 102 98 85 78 91 88 79 73 79 81 78 60 66 65 56 51 63 73 74 54 65 67 59 65300 65300 65300 65300 65300 65300 65300 65300 65300
65300 65300 65300 65300 65300 65300 65300 65300 65300 65300 65300 65300 65300 65300 65300 65300 65300 54 55 51 109 219 264 269 255 271 292 298 318 332 354 364 347 351 346 358 387 405 442 455 465 437 422 439 424 446 431 469 445 375 426 465 487 500 508 513 504 503 504 492 455 493 481 473 483 481 457 450 484 457 478 475 481 491 471 449 431 314 169 175 182 188 159 167 180 183 166 160 170 174 157 141 161 165 149 118 136 150 146 113 128 125 125 94 123 140 152 117 131 146 125 95 100 110 97 75 75 82 78 58
65300 65300 65300 65300 65300 61 61 60 97 132 139 90 148 164 155 99 137 175 173 125 134 228 278 268 273 283 268 288 300 318 332 351 362 370 367 351 369 380 425 450 493 468 455 436 429 420 418 457 435 360 412 457 452 449 465 500 502 471 472 479 501 504 487 462 446 460 451 449 475 474 469 483 483 476 456 459 434 327 266 319 355 339 301 308 351 349 327 291 334 342 319 258 308 305 288 193 251 286 277 173 233 237 233 164 209 235 291 196 226 261 207 140 142 178 173 123 106 137 127 86
65300 65300 58 65300 68 71 72 66 122 143 149 96 155 165 166 111 170 206 175 108 116 225 279 278 264 277 277 284 298 286 322 315 331 364 356 345 351 370 399 418 445 444 466 485 464 429 437 431 409 336 403 438 473 468 465 469 439 455 476 471 462 478 468 464 451 444 471 458 493 476 462 464 444 436 444 444 416 328 237 213 232 229 204 206 230 237 223 186 214 217 196 159 194 196 182 136 153 177 174 126 143 153 147 108 125 150 170 123 146 158 133 100 100 109 96 74 67 83 77 55
65300 65300 65300 65300 58 59 54 50 78 92 94 67 106 120 114 80 110 137 124 57 99 196 277 285 271 267 278 299 298 313 313 338 309 336 335 345 330 352 370 389 431 427 469 467 463 455 419 434 406 332 391 454 448 438 431 454 418 444 468 452 444 450 440 447 439 451 462 463 479 475 438 459 442 445 446 439 423 319 229 204 211 207 184 189 216 226 196 174 189 203 183 155 183 198 177 136 158 164 177 122 143 155 148 106 130 160 186 140 162 189 154 108 110 124 101 84 89 102 94 61
65300 65300 50 52 99 92 82 69 113 132 129 91 162 175 162 109 143 184 204 137 123 205 274 277 279 265 271 293 302 310 301 303 321 315 319 334 338 340 346 373 412 428 458 446 438 446 449 432 404 325 390 415 427 421 421 383 434 448 445 453 446 470 458 461 462 482 493 468 469 460 472 456 442 449 427 416 402 313 236 279 297 295 258 271 296 302 262 230 276 272 260 198 254 282 266 174 216 228 217 154 193 201 200 123 186 210 224 155 213 213 188 115 118 132 120 80 92 102 87 56
65300 65300 65300 65300 65300 65300 65300 65300 61 69 77 65300 81 93 83 50 75 94 104 78 91 185 242 282 277 270 275 294 295 308 294 306 316 314 324 334 340 347 363 390 423 413 424 417 435 437 467 442 439 335 403 421 440 423 428 435 434 435 450 454 466 473 465 455 443 474 475 479 473 450 445 440 437 430 397 394 382 301 152 107 107 108 90 96 100 100 83 88 89 90 81 75 87 83 79 70 71 72 66 62 66 64 60 54 70 73 70 52 73 66 58 65300 65300 65300 65300 65300 65300 65300 65300 65300
65300 65300 65300 65300 65300 65300 65300 65300 65300 65300 65300 65300 65300 65300 65300 65300 65300 65300 52 65300 81 173 237 271 293 285 280 282 298 309 317 323 318 323 328 330 344 359 361 389 397 384 386 400 419 404 459 445 440 339 391 449 456 439 447 451 449 442 459 486 491 478 463 464 446 452 449 456 444 432 443 414 409 404 418 392 382 295 128 91 96 101 83 84 84 86 73 72 79 77 65 70 76 75 65 57 61 61 56 55 55 55 53 65300 59 61 61 55 64 60 65300 65300 65300 65300 65300 65300 65300 65300 65300 65300
65300 65300 65300 65300 65300 65300 65300 65300 65300 65300 65300 65300 65300 65300 65300 65300 65300 65300 65300 65300 93 170 215 245 267 305 279 304 301 311 311 332 330 327 317 328 345 362 366 371 367 353 385 394 412 410 396 417 419 349 392 449 463 459 420 457 455 495 475 476 464 472 450 431 458 454 454 428 436 422 407 406 399 405 422 385 379 281 210 190 184 179 181 166 161 169 172 162 156 145 131 137 140 135 141 121 112 111 120 124 116 118 129 123 114 129 148 169 167 165 115 91 94 94 93 88 80 72 70 60
65300 65300 65300 65300 65300 65300 65300 55 71 75 79 84 97 103 104 88 81 89 113 189 187 183 211 227 242 270 294 296 315 304 332 329 331 301 320 342 359 359 373 355 357 352 356 364 367 374 378 379 406 332 411 472 470 458 449 457 476 484 496 467 460 449 424 436 445 441 425 418 408 404 404 408 402 403 406 392 356 285 303 286 146 115 106 102 95 98 92 89 83 71 73 79 181 88 78 66 65 59 67 66 64 58 66 64 69 168 173 91 88 69 57 52 65300 50 65300 65300 65300 65300 57 65300
65300 65300 65300 65300 65300 65300 53 65300 53 52 58 59 70 83 80 78 67 70 102 187 197 174 224 207 221 246 277 286 291 301 314 311 346 327 331 317 340 321 364 365 352 361 359 343 335 343 358 372 367 309 358 415 427 435 437 440 446 444 456 443 426 447 409 400 394 417 386 395 372 370 371 368 380 357 375 365 351 293 315 323 285 281 279 274 262 276 272 239 211 214 219 212 235 225 214 194 184 185 176 173 166 168 186 167 159 186 214 232 235 180 147 149 146 139 125 123 110 98 96 87
65300 65300 65300 53 57 64 84 88 107 128 130 126 161 157 165 178 178 163 164 175 163 154 176 184 178 192 202 221 237 227 241 276 266 263 259 257 240 263 284 298 305 275 272 255 257 257 289 287 277 285 289 304 334 335 307 338 319 333 342 342 332 338 334 322 315 320 331 340 317 317 305 307 297 297 286 287 299 298 306 312 294 294 289 293 282 286 264 231 220 224 233 226 228 227 219 208 190 195 189 191 191 193 191 179 167 184 222 244 219 177 152 161 137 142 141 123 114 104 101 85
65300 65300 54 60 61 66 77 93 109 141 160 164 173 175 178 181 203 198 179 175 172 165 180 184 169 178 184 213 221 234 235 243 260 261 275 266 269 255 273 275 296 270 270 294 284 273 291 298 306 274 299 320 340 338 365 368 366 365 367 380 354 369 362 366 354 377 395 376 374 361 353 353 361 346 377 386 372 312 370 385 357 374 368 364 354 328 325 289 282 280 275 259 272 271 274 254 252 243 262 252 284 285 262 244 231 207 256 308 264 240 212 191 182 180 168 152 152 132 123 103
65300 65300 54 65 72 76 93 105 133 155 204 214 214 211 215 221 249 244 232 222 187 172 218 211 204 202 215 241 249 278 262 259 279 268 310 302 298 287 306 289 292 296 335 335 334 317 331 334 330 273 308 351 353 342 361 359 359 383 381 383 369 365 361 372 397 392 386 398 399 385 358 382 378 371 398 414 405 326 362 389 377 382 399 367 368 341 326 295 300 310 308 282 275 266 282 285 259 271 296 293 311 308 264 255 251 225 249 287 276 261 236 199 184 187 175 159 144 138 116 99
65300 65300 55 64 66 77 88 104 121 155 200 228 229 215 201 215 228 231 237 226 180 156 217 218 199 192 191 215 238 259 257 246 258 259 287 295 271 294 294 287 283 302 305 322 324 332 343 330 313 260 305 355 359 345 355 338 362 368 378 346 349 359 355 375 362 374 358 355 383 368 369 382 388 388 411 421 387 300 332 375 361 380 388 360 342 321 309 297 302 304 318 297 270 261 287 287 304 292 301 311 301 275 262 273 278 235 238 287 279 259 242 210 185 185 181 157 139 129 114 91
65300 65300 54 64 62 77 86 103 108 136 174 225 227 205 200 195 209 222 223 217 169 150 209 229 208 197 178 185 211 231 249 257 257 252 257 256 264 268 290 286 291 276 275 281 274 314 324 317 300 249 313 347 343 356 354 354 339 358 359 359 361 344 343 338 340 347 357 371 360 373 387 392 414 393 370 372 339 277 323 356 369 349 359 331 335 323 312 304 258 318 310 290 274 264 287 287 282 286 300 305 287 258 285 290 283 243 250 292 285 281 239 190 206 207 190 167 142 134 121 93
65300 65300 51 59 62 81 87 94 106 127 155 181 203 206 202 195 204 189 199 196 166 139 185 185 188 195 190 184 198 212 233 250 237 230 235 239 253 250 280 274 274 290 283 266 282 270 285 287 290 237 286 322 329 338 337 326 331 342 365 360 345 336 345 320 336 340 342 360 372 378 386 367 360 354 362 349 318 267 326 337 349 342 319 310 314 307 314 310 292 300 289 258 256 280 275 272 253 273 297 287 271 252 260 281 284 215 255 319 316 284 213 193 205 197 200 179 153 132 116 88
65300 65300 65300 57 66 72 86 93 118 130 148 168 179 181 177 181 181 177 176 175 161 136 172 183 177 189 199 191 200 214 208 219 210 222 234 222 245 236 258 260 270 274 268 257 247 241 246 246 262 206 259 299 282 313 310 304 319 322 308 322 312 331 318 313 316 341 352 369 364 358 346 331 323 309 325 328 316 251 291 313 295 290 298 294 287 319 323 300 269 263 259 252 252 282 268 267 253 260 279 251 253 277 275 282 265 218 269 344 306 250 202 194 191 202 205 195 156 133 108 90
65300 65300 65300 50 61 69 80 84 95 112 136 148 159 156 156 157 159 149 149 155 141 131 162 159 162 157 173 181 191 184 202 186 193 201 202 205 200 212 234 245 248 249 249 240 233 226 221 218 231 191 225 265 256 270 262 279 270 266 284 282 296 282 303 306 315 328 339 333 326 327 294 278 273 270 292 283 281 229 250 280 267 269 277 285 275 278 292 253 244 258 242 243 236 247 249 254 258 264 251 235 252 282 267 263 246 223 277 316 270 223 189 187 199 220 204 178 143 119 98 80
65300 65300 65300 50 58 62 71 81 85 106 127 141 143 131 131 136 133 142 140 136 120 119 152 146 137 144 160 162 178 185 192 182 178 169 172 181 177 201 209 228 236 235 232 233 214 216 202 212 226 179 195 237 224 242 247 237 247 258 279 255 279 293 292 311 303 297 291 305 295 278 268 272 254 250 263 268 257 212 243 254 248 262 281 274 260 277 255 243 241 246 229 239 225 236 238 245 271 239 223 243 245 257 254 244 243 216 259 282 242 207 191 189 209 207 170 153 118 116 94 82
65300 65300 65300 65300 65300 56 67 77 80 90 104 125 133 119 114 115 119 131 121 118 102 106 146 139 132 132 136 145 150 162 165 187 178 167 152 155 166 181 199 199 193 211 198 197 198 198 201 210 224 171 203 217 220 243 244 238 242 256 258 243 275 276 281 288 280 267 253 256 256 243 236 249 251 251 243 249 233 179 218 238 236 248 273 245 231 248 233 207 219 221 223 237 232 223 241 240 243 214 220 237 249 244 230 210 220 198 228 263 230 206 191 186 186 171 154 131 101 97 88 79
65300 65300 65300 65300 65300 54 60 69 80 86 92 101 112 119 106 105 105 113 121 108 91 80 117 127 129 118 121 127 132 146 162 174 166 144 148 160 162 165 172 176 179 185 178 184 187 182 184 197 197 164 194 230 240 222 220 239 236 235 245 266 254 260 260 240 238 243 244 234 227 232 232 230 225 220 237 223 218 171 200 239 233 225 240 225 221 230 215 214 211 209 221 219 207 207 218 218 216 199 224 243 231 234 213 203 210 186 221 256 232 211 182 176 155 145 133 120 100 94 89 85
65300 65300 65300 65300 65300 65300 54 64 69 75 80 86 100 119 97 93 94 88 105 100 89 66 92 107 108 112 118 116 114 118 130 141 142 136 139 133 139 146 139 152 160 160 181 168 170 158 170 168 183 155 179 217 213 211 220 210 221 227 221 225 225 228 213 223 221 221 223 227 223 220 217 207 192 215 201 194 188 165 193 212 204 206 212 205 206 208 194 189 192 198 203 197 179 195 208 197 185 185 185 200 195 211 202 199 204 164 198 241 220 199 164 140 129 122 113 110 108 101 88 84
65300 65300 65300 65300 65300 65300 65300 53 65 66 78 76 79 91 97 84 73 72 84 86 75 55 70 77 81 89 99 107 101 91 109 111 115 122 125 115 125 126 132 128 140 146 145 150 147 137 142 153 149 121 144 174 188 178 182 193 183 201 198 208 202 195 184 203 191 188 191 188 192 182 199 178 166 175 179 178 170 148 167 190 182 182 175 170 177 183 183 172 162 178 192 188 171 182 180 171 153 166 175 176 177 191 178 186 183 150 180 207 206 176 168 135 110 112 107 103 97 96 86 74
65300 65300 65300 65300 65300 65300 65300 65300 65300 52 65 69 70 91 91 79 68 65 67 77 77 65300 63 65 66 77 83 99 99 83 91 96 113 107 106 108 112 124 117 116 120 130 132 143 138 139 142 147 141 108 132 149 163 154 164 165 164 176 171 173 170 170 170 183 181 171 172 170 173 167 165 161 158 160 169 170 162 135 161 172 163 162 169 163 164 164 162 151 153 157 178 183 170 165 154 162 154 152 167 173 174 175 179 175 161 140 159 193 188 173 152 130 109 113 120 96 100 90 90 74
65300 65300 65300 65300 65300 65300 65300 65300 65300 65300 55 54 57 66 77 66 60 52 53 59 63 65300 50 57 53 60 65 76 89 81 76 80 94 91 80 84 90 96 96 102 98 106 108 119 120 118 124 135 130 104 109 130 131 128 131 152 141 150 151 153 150 149 154 153 154 156 152 136 134 133 138 137 145 142 152 145 147 113 137 142 139 138 147 146 149 134 142 136 133 142 148 144 146 156 145 135 145 153 148 146 151 154 156 150 139 115 145 168 166 153 146 106 102 112 110 95 88 85 77 61
65300 65300 65300 65300 65300 65300 65300 65300 65300 65300 65300 65300 65300 50 60 60 53 65300 65300 65300 65300 65300 65300 65300 65300 65300 59 52 71 59 69 74 70 75 71 72 72 77 80 85 86 92 91 94 101 99 117 117 120 92 103 114 112 114 118 129 123 130 130 135 134 137 136 136 125 133 123 121 117 126 125 124 127 138 132 138 122 98 119 135 129 127 133 130 134 126 123 122 116 123 128 123 135 126 128 132 130 131 120 121 127 142 135 129 119 94 126 157 149 144 125 93 87 98 103 90 89 77 65 51
65300 65300 65300 65300 65300 65300 65300 65300 65300 65300 65300 65300 65300 65300 65300 65300 65300 65300 65300 65300 65300 65300 65300 65300 65300 65300 65300 65300 65300 65300 56 62 68 66 61 56 51 57 62 68 75 76 76 71 77 85 84 88 99 76 89 102 100 106 104 108 113 110 114 111 107 111 113 113 107 106 107 104 95 108 118 107 107 109 110 107 101 84 101 116 108 114 115 118 112 109 109 117 106 111 114 105 114 97 104 121 128 108 102 101 102 123 117 103 101 80 111 136 131 135 107 80 84 85 87 81 77 70 56 65300
65300 65300 65300 65300 65300 65300 65300 65300 65300 65300 65300 65300 65300 65300 65300 65300 65300 65300 65300 65300 65300 65300 65300 65300 65300 65300 65300 65300 65300 65300 65300 65300 65300 65300 65300 65300 65300 65300 65300 57 52 57 57 59 59 65 72 72 71 51 64 74 75 83 83 87 84 87 85 89 87 81 84 92 90 82 88 86 83 85 92 85 82 85 91 96 98 78 94 97 94 96 97 106 95 98 96 90 94 96 98 93 92 83 87 104 114 100 85 85 102 104 93 82 75 67 98 116 107 97 89 74 75 78 86 76 64 56 65300 65300
65300 65300 65300 65300 65300 65300 65300 65300 65300 65300 65300 65300 65300 65300 65300 65300 65300 65300 65300 65300 65300 65300 65300 65300 65300 65300 65300 65300 65300 65300 65300 65300 65300 65300 65300 65300 65300 65300 65300 65300 65300 50 53 65300 55 60 53 58 50 65300 65300 54 60 61 60 70 70 75 71 75 80 78 71 77 74 64 72 72 67 69 64 67 68 71 79 86 92 68 84 86 83 81 83 91 87 89 88 84 88 81 82 71 72 72 80 96 90 81 72 82 92 94 78 68 67 55 77 96 89 85 79 78 67 71 75 70 55 65300 65300 65300
65300 65300 65300 65300 65300 65300 65300 65300 65300 65300 65300 65300 65300 65300 65300 65300 65300 65300 65300 65300 65300 65300 65300 65300 65300 65300 65300 65300 65300 65300 65300 65300 65300 65300 65300 65300 65300 65300 65300 65300 65300 65300 65300 65300 65300 65300 65300 65300 65300 65300 65300 65300 65300 65300 65300 65300 65300 51 50 52 56 56 53 61 52 65300 65300 51 65300 65300 65300 53 52 61 70 64 68 52 63 68 63 64 69 72 69 65 75 70 74 68 60 63 53 63 71 71 69 62 64 74 83 72 63 50 53 65300 63 74 75 77 69 58 56 61 62 53 65300 65300 65300 65300
65300 65300 65300 65300 65300 65300 65300 65300 65300 65300 65300 65300 65300 65300 65300 65300 65300 65300 65300 65300 65300 65300 65300 65300 65300 65300 65300 65300 65300 65300 65300 65300 65300 65300 65300 65300 65300 65300 65300 65300 65300 65300 65300 65300 65300 65300 65300 65300 65300 65300 65300 65300 65300 65300 65300 65300 65300 65300 65300 65300 65300 65300 65300 65300 65300 65300 65300 65300 65300 65300 65300 65300 65300 65300 60 57 65300 65300 65300 51 65300 53 53 55 58 59 53 59 50 65300 50 65300 65300 53 62 60 59 55 55 57 60 61 55 65300 65300 65300 65300 56 62 65 62 51 65300 65300 65300 65300 65300 65300 65300 65300
65300 65300 65300 65300 65300 65300 65300 65300 65300 65300 65300 65300 65300 65300 65300 65300 65300 65300 65300 65300 65300 65300 65300 65300 65300 65300 65300 65300 65300 65300 65300 65300 65300 65300 65300 65300 65300 65300 65300 65300 65300 65300 65300 65300 65300 65300 65300 65300 65300 65300 65300 65300 65300 65300 65300 65300 65300 65300 65300 65300 65300 65300 65300 65300 65300 65300 65300 65300 65300 65300 65300 65300 65300 65300 65300 65300 65300 65300 65300 65300 65300 65300 65300 65300 65300 65300 65300 65300 65300 65300 65300 65300 65300 65300 65300 51 65300 65300 65300 65300 51 50 52 65300 65300 65300 65300 65300 65300 51 51 65300 65300 65300 65300 65300 65300 65300 65300 65300
65300 65300 65300 65300 65300 65300 65300 65300 65300 65300 65300 65300 65300 65300 65300 65300 65300 65300 65300 65300 65300 65300 65300 65300 65300 65300 65300 65300 65300 65300 65300 65300 65300 65300 65300 65300 65300 65300 65300 65300 65300 65300 65300 65300 65300 65300 65300 65300 65300 65300 65300 65300 65300 65300 65300 65300 65300 65300 65300 65300 65300 65300 65300 65300 65300 65300 65300 65300 65300 65300 65300 65300 65300 65300 65300 65300 65300 65300 65300 65300 65300 65300 65300 65300 65300 65300 65300 65300 65300 65300 65300 65300 65300 65300 65300 65300 65300 65300 65300 65300 65300 65300 65300 65300 65300 65300 65300 65300 65300 65300 65300 65300 65300 65300 65300 65300 65300 65300 65300 65300
65300 65300 65300 65300 65300 65300 65300 65300 65300 65300 65300 65300 65300 65300 65300 65300 65300 65300 65300 65300 65300 65300 65300 65300 65300 65300 65300 65300 65300 65300 65300 65300 65300 65300 65300 65300 65300 65300 65300 65300 65300 65300 65300 65300 65300 65300 65300 65300 65300 65300 65300 65300 65300 65300 65300 65300 65300 65300 65300 65300 65300 65300 65300 65300 65300 65300 65300 65300 65300 65300 65300 65300 65300 65300 65300 65300 65300 65300 65300 65300 65300 65300 65300 65300 65300 65300 65300 65300 65300 65300 65300 65300 65300 65300 65300 65300 65300 65300 65300 65300 65300 65300 65300 65300 65300 65300 65300 65300 65300 65300 65300 65300 65300 65300 65300 65300 65300 65300 65300 65300
