12 9 22 24 17 16 18 14 13 15 11 17 16 21 35 40 34 31 28 30 38 45 26 29 30 29 27 25 31 31 27 31 23 15 11 25 35 28 15 5 29 34 48 43 42 39 44 54 49 42 36 27 35 35 43 54 47 48 39 35 39 41 45 43 39 40 39 36 47 53 57 50 52 42 39 40 48 55 56 46 39 38 40 36 44 56 62 56 42 40 33 29 30 22 10 11 23 24 23 26 36 33 38 45 41 34 43 42 30 25 23 19 7 8 4 9 3 5 6 4
13 15 29 32 17 25 24 22 36 33 28 28 32 35 53 50 39 39 37 54 58 56 33 35 42 34 31 34 43 47 45 49 35 23 10 12 20 34 24 17 39 53 52 51 50 53 57 62 58 57 45 39 43 55 65 72 61 58 60 53 48 59 64 63 57 56 59 53 60 75 76 69 58 58 52 56 59 68 68 53 48 61 55 51 52 57 61 61 67 64 53 50 43 37 33 25 33 32 37 32 37 42 44 48 49 46 55 61 45 39 32 23 16 14 10 10 12 6 1 4
16 24 31 24 21 26 29 37 47 48 42 30 32 38 55 62 51 44 55 64 68 53 32 43 51 41 37 45 56 63 57 52 50 30 20 11 18 38 23 41 47 55 56 65 67 73 63 60 56 56 50 46 61 71 80 69 61 63 66 68 61 64 66 58 59 65 69 71 77 78 73 70 81 83 72 76 66 64 64 51 55 72 69 64 60 62 59 65 77 79 77 71 51 58 58 47 46 40 40 41 36 46 49 47 48 53 62 58 48 37 38 39 27 23 17 9 7 9 6 4
24 25 25 25 32 35 34 52 57 56 47 40 48 50 57 65 61 66 67 64 66 55 36 46 58 54 53 66 70 67 60 52 62 57 43 42 39 45 45 48 70 64 65 81 77 77 76 68 63 59 60 58 75 80 82 69 70 67 75 73 72 69 74 64 62 74 74 74 90 80 73 76 93 97 94 85 78 76 60 57 57 76 78 65 71 72 65 73 79 80 75 74 76 79 76 68 56 45 45 46 40 49 51 54 53 59 66 56 47 44 49 45 44 33 18 11 8 7 9 5
20 21 26 39 47 49 52 60 64 59 58 59 64 65 67 72 70 72 75 60 69 65 39 58 67 70 77 87 84 84 70 67 69 76 76 71 65 64 65 81 86 93 88 99 88 78 80 87 85 80 78 72 84 87 94 92 77 79 93 81 85 83 86 78 70 89 87 87 91 105 90 83 96 104 98 92 108 106 89 67 62 74 64 69 78 86 80 78 87 83 81 78 92 108 112 85 67 57 54 57 64 61 63 61 56 65 75 67 55 55 56 49 44 41 26 21 15 8 9 4
28 29 36 48 56 55 58 62 62 66 65 76 72 75 79 89 84 71 62 69 78 82 65 84 83 79 82 87 96 91 82 74 73 82 90 92 88 92 95 106 104 105 108 110 91 90 88 104 104 104 99 83 90 94 107 111 100 104 100 93 87 95 97 88 98 113 98 91 103 119 107 99 95 112 89 91 117 123 102 92 73 79 73 76 90 85 84 95 89 95 88 89 94 110 125 106 81 80 74 71 92 82 70 63 51 67 72 73 67 60 58 49 41 43 37 30 22 14 10 7
38 41 39 56 63 67 74 79 74 85 82 78 81 84 87 96 86 87 79 90 94 91 85 105 95 93 95 102 116 108 94 96 84 83 88 88 97 103 123 142 140 114 106 110 104 101 106 116 116 113 112 97 109 113 129 130 122 117 126 116 109 114 115 115 121 121 123 116 118 129 125 112 122 121 116 114 124 131 113 102 98 106 91 97 98 85 86 90 104 103 105 96 97 109 116 117 109 99 92 92 102 101 92 69 63 69 88 87 73 59 56 56 52 53 51 44 30 15 11 15
43 46 47 56 65 75 83 86 93 100 95 85 90 89 92 106 104 107 106 110 101 89 90 99 99 112 123 128 133 116 100 96 97 110 109 113 116 132 154 168 145 109 103 108 122 118 133 143 135 131 122 109 135 147 158 152 126 130 140 136 132 139 137 122 131 129 130 138 129 139 138 123 135 146 133 126 133 122 107 100 96 111 105 114 120 98 89 100 110 104 111 105 103 105 111 127 129 112 98 94 109 127 122 98 78 72 90 86 70 60 61 63 53 54 48 46 33 23 17 14
42 50 57 64 83 95 100 98 97 104 98 88 99 103 97 117 118 125 127 110 102 100 85 106 123 142 141 143 139 125 105 99 115 125 141 156 154 143 152 157 147 125 120 134 134 139 154 159 163 156 143 123 152 162 164 167 148 148 157 147 144 164 160 134 136 140 130 133 141 152 152 149 165 162 154 144 150 154 131 110 102 117 117 135 153 134 114 113 113 109 113 123 125 122 123 136 141 127 100 96 114 133 139 135 97 87 100 92 79 72 75 73 51 41 40 44 44 35 31 20
45 52 61 87 102 103 108 97 101 100 91 99 114 119 115 131 133 133 128 115 105 113 105 120 144 147 151 154 149 132 117 117 140 147 167 179 161 144 145 147 143 140 140 156 160 153 163 189 187 185 169 167 164 160 169 183 161 173 180 166 166 183 176 156 153 169 143 146 150 163 163 153 164 157 161 169 168 171 149 131 122 132 121 129 148 151 143 134 119 111 111 128 135 134 123 133 149 145 119 117 123 134 143 151 112 93 111 110 89 72 70 64 54 44 39 40 46 43 35 27
69 56 64 92 104 99 112 108 120 111 98 110 127 137 132 152 159 149 129 120 135 163 143 142 156 154 162 167 149 148 142 154 181 184 158 163 156 166 162 162 169 150 169 189 194 185 184 209 213 205 204 188 197 176 187 186 170 184 213 200 201 208 196 177 173 187 169 156 166 159 163 162 163 169 173 184 187 181 159 145 142 149 142 143 145 158 174 161 160 140 130 142 145 143 132 126 148 176 156 142 147 152 149 144 136 111 113 125 96 75 77 75 67 52 47 44 48 47 33 29
80 71 78 92 94 116 124 127 142 133 118 125 132 133 144 175 187 175 143 150 176 168 128 137 159 185 179 184 177 165 163 185 182 170 146 157 184 206 191 191 197 180 176 193 199 211 212 235 232 217 198 178 216 199 203 194 176 200 231 234 225 240 217 204 198 218 199 176 175 185 171 179 193 201 190 200 207 192 177 164 160 187 170 167 159 161 177 193 180 160 139 143 166 164 142 135 137 172 185 179 172 164 152 145 152 147 133 134 104 81 87 91 91 77 61 48 40 41 34 28
70 84 89 104 98 119 134 128 151 129 128 137 140 139 153 187 188 192 168 186 189 153 118 147 173 198 204 214 178 157 167 181 179 184 178 177 210 220 209 221 226 208 201 213 220 220 236 259 257 224 207 184 226 226 224 208 200 222 247 256 233 250 246 226 240 237 222 200 197 211 197 196 209 215 195 206 226 191 189 159 157 186 181 196 184 174 188 195 188 164 147 144 180 186 168 160 138 148 176 200 198 185 157 149 150 158 160 143 111 84 91 91 94 86 72 57 43 40 32 28
69 75 97 108 114 135 135 137 130 122 126 137 142 165 179 186 178 175 177 201 173 124 124 162 209 232 215 189 172 163 162 166 180 198 214 213 232 221 206 220 238 227 216 251 244 237 252 285 284 262 244 198 232 226 244 247 223 229 257 245 246 260 286 261 262 262 228 225 228 232 223 216 222 216 195 224 248 234 210 170 159 180 194 215 208 194 205 200 205 179 159 157 186 198 205 180 159 154 177 206 223 182 170 162 152 164 176 166 126 98 102 96 88 83 77 65 60 52 46 40
68 68 82 87 100 113 121 127 122 112 110 114 130 149 179 166 137 140 147 141 133 136 138 152 177 176 167 165 168 164 152 162 182 192 173 181 184 195 174 185 194 195 206 229 223 220 226 241 252 239 222 203 212 202 215 221 195 197 232 232 246 269 278 254 242 248 223 217 233 242 219 209 201 197 218 217 245 231 183 164 174 172 185 184 197 185 195 205 204 183 162 154 157 190 193 180 164 156 160 186 202 181 162 157 144 150 161 168 137 97 97 90 81 78 72 65 62 52 47 39
95 105 103 97 110 115 147 171 170 153 147 140 169 200 223 174 157 180 179 162 185 180 164 208 212 193 167 176 212 218 207 211 231 212 191 187 214 220 218 230 234 247 247 268 277 266 256 263 247 222 219 216 227 225 241 225 207 220 242 229 231 250 239 207 214 261 260 233 236 235 224 211 216 218 205 216 200 193 181 187 206 196 197 180 169 169 177 213 211 199 189 159 155 171 184 184 172 154 163 167 195 190 170 161 154 155 163 154 136 107 107 93 86 83 74 68 61 50 41 33
118 130 112 100 116 150 180 200 194 176 170 191 220 226 210 167 176 200 214 202 203 175 169 235 243 231 211 222 252 265 266 274 275 261 222 220 256 280 276 296 284 292 287 294 329 303 316 309 292 276 249 240 294 289 305 300 283 307 330 291 279 278 306 279 304 322 331 317 313 311 287 303 304 288 267 255 271 265 254 219 220 256 246 243 243 212 207 226 240 258 244 224 220 207 210 223 210 205 206 222 249 238 212 211 207 210 208 177 151 118 125 116 113 109 103 81 63 51 46 39
118 113 93 115 151 182 184 200 197 185 167 188 225 215 189 182 199 220 214 210 204 198 172 216 242 252 236 254 285 262 250 253 268 259 261 264 289 290 304 321 326 319 306 340 343 306 291 300 311 293 274 249 293 303 349 332 312 330 319 294 268 297 324 305 317 339 298 312 327 342 323 295 305 307 297 292 295 292 279 214 208 234 242 289 268 237 224 222 224 239 267 270 250 212 223 216 212 218 211 210 251 254 210 216 209 236 241 191 145 115 131 135 116 109 106 89 70 57 43 46
108 95 105 128 176 206 204 190 189 172 161 194 206 243 208 213 245 227 188 206 211 221 196 231 234 236 253 257 270 263 253 243 256 276 294 327 308 285 306 322 351 353 322 338 314 283 278 310 310 310 272 258 303 339 379 380 358 330 335 288 301 326 324 302 315 327 299 302 332 354 333 319 339 315 328 353 355 295 284 216 202 227 250 271 273 254 247 221 230 252 274 266 246 222 215 225 236 227 220 197 214 229 206 211 208 226 270 240 158 121 129 129 116 107 108 104 91 68 50 41
115 118 109 148 175 195 211 209 204 178 170 183 204 241 222 227 228 199 178 196 230 245 202 230 238 233 231 240 245 274 274 272 300 300 325 326 313 314 319 328 341 321 303 301 287 285 283 299 327 292 294 295 352 360 382 357 357 341 357 314 322 347 328 300 302 321 312 315 356 361 326 305 341 338 342 349 347 316 299 231 205 240 249 248 253 248 247 253 250 254 269 251 242 230 217 235 238 245 251 208 205 217 221 213 197 193 250 236 166 137 141 122 108 96 106 112 94 75 54 41
123 108 134 162 177 184 199 209 215 194 168 195 205 236 228 240 219 195 203 211 247 240 183 218 226 233 240 250 244 286 294 293 317 328 326 316 355 348 348 308 340 315 281 295 302 303 314 328 343 333 354 322 374 399 383 360 349 363 367 348 332 338 330 300 322 342 334 317 339 329 329 344 344 350 334 347 360 325 345 275 244 254 252 254 246 236 251 265 266 253 260 247 254 251 243 230 242 267 277 244 222 211 232 233 203 213 235 226 154 126 148 152 139 116 112 109 93 62 53 47
110 132 153 164 154 180 200 208 186 181 185 203 200 206 203 218 215 209 238 237 257 217 160 195 222 246 268 277 278 304 290 284 336 331 331 309 334 352 330 314 313 308 292 303 344 343 338 361 377 370 357 326 362 368 375 365 351 371 355 336 325 336 350 325 355 355 335 328 325 346 341 364 375 337 323 330 365 341 348 287 262 258 254 254 241 245 255 267 260 243 262 292 268 269 254 225 225 260 296 265 243 204 231 246 215 215 197 199 161 122 140 150 158 136 114 97 77 56 50 52
112 129 136 148 166 193 220 193 178 173 175 189 191 206 216 213 210 212 238 264 247 199 164 202 238 274 286 293 293 285 277 313 319 327 318 290 309 320 307 314 332 296 292 311 357 363 375 399 373 372 341 297 343 355 367 349 336 343 360 342 328 346 362 345 346 360 317 312 334 347 357 352 358 312 318 344 366 362 329 282 259 284 297 284 282 256 260 273 266 251 265 291 275 269 264 242 236 250 280 287 253 221 213 245 246 226 210 197 151 115 135 120 130 126 111 92 84 62 53 49
100 135 135 134 138 199 218 203 172 163 157 176 189 228 236 223 216 218 221 254 235 206 183 236 271 292 291 304 299 296 297 306 300 323 289 271 294 308 307 289 310 304 291 330 363 379 384 386 356 343 317 292 355 344 358 349 352 350 375 363 367 364 371 323 309 355 349 331 365 348 318 312 346 334 331 362 350 332 327 297 257 319 307 302 296 258 261 282 273 266 259 244 260 250 265 251 237 222 262 273 249 241 222 246 278 260 238 211 156 117 126 119 114 110 97 82 77 72 61 51
126 136 112 111 122 183 209 193 200 181 171 180 210 245 232 210 213 215 217 225 228 231 193 255 276 275 280 285 277 298 296 291 293 294 274 270 279 286 299 299 327 315 307 344 382 370 347 371 378 340 320 301 330 326 365 343 339 365 394 373 371 391 371 327 331 345 339 348 352 312 301 302 322 341 342 350 341 310 336 290 298 345 340 328 292 264 294 318 303 289 259 223 229 249 267 279 243 222 230 253 249 248 220 230 279 285 266 215 150 125 119 125 130 117 101 85 69 61 56 48
128 127 105 113 132 171 202 208 211 189 195 206 222 228 211 195 218 252 256 231 229 220 184 260 272 276 298 286 288 294 271 280 295 301 276 265 279 300 317 341 349 363 372 375 379 363 346 383 393 375 345 308 342 358 371 383 391 408 407 384 400 414 391 362 370 369 315 312 336 335 325 318 338 333 323 345 342 328 357 295 293 324 337 331 312 292 291 304 305 290 270 241 225 240 257 277 267 233 226 237 235 243 210 217 259 274 273 228 155 134 136 137 151 147 108 79 65 62 53 52
115 110 105 109 147 194 211 209 206 200 194 201 220 235 221 207 241 266 266 232 235 216 195 236 257 270 290 289 275 293 267 281 290 293 297 284 304 342 353 335 372 358 354 377 404 388 358 387 366 360 354 327 361 367 400 396 420 450 444 380 408 413 384 387 415 409 339 337 332 329 321 331 344 322 338 345 366 366 342 300 280 300 314 338 343 307 295 300 285 286 301 286 231 233 269 267 262 239 198 226 228 215 210 218 239 249 237 222 159 140 155 153 152 142 111 86 71 55 61 56
104 107 98 121 179 210 220 205 200 182 188 210 231 251 251 233 259 247 227 228 232 241 201 235 260 268 277 263 280 291 272 284 300 311 309 305 324 360 370 362 376 400 382 366 416 407 375 395 394 375 376 366 430 419 417 420 407 418 472 424 416 437 427 392 409 415 385 393 380 342 312 309 334 307 337 368 357 345 338 283 269 285 321 346 314 309 295 303 299 320 298 288 246 227 241 278 276 248 202 197 212 222 216 218 241 225 220 217 152 136 166 172 139 136 122 103 79 72 60 51
99 118 106 133 178 200 211 213 193 198 201 213 239 253 267 268 258 225 217 212 233 255 203 248 250 271 281 279 286 297 296 308 307 336 329 322 352 354 350 343 409 424 371 351 396 398 406 409 414 391 375 364 427 436 447 443 391 414 427 407 435 436 437 377 401 417 400 404 429 358 305 307 310 327 337 391 376 346 332 296 300 296 302 317 320 323 323 312 334 316 298 283 265 219 246 277 273 260 225 199 207 210 227 235 244 239 227 202 150 127 150 148 140 134 125 114 91 82 59 45
115 114 118 150 148 156 177 183 188 210 207 212 221 241 260 255 251 227 212 227 256 275 202 258 275 274 291 284 289 325 328 332 322 324 322 331 350 363 350 327 381 397 376 357 375 389 386 415 451 426 419 367 419 417 424 455 402 408 401 390 379 419 441 426 422 437 405 399 433 388 361 366 355 321 322 347 350 370 378 292 298 286 294 311 304 320 325 328 313 294 280 304 277 249 245 264 290 284 241 210 215 222 225 246 249 244 229 194 151 117 130 132 130 121 127 118 87 74 64 49
104 112 132 160 148 155 182 206 211 216 208 192 191 222 251 221 239 225 234 249 269 260 198 245 273 279 310 288 316 340 335 325 313 318 321 312 341 374 379 338 371 358 347 373 402 400 378 420 417 423 443 391 404 405 421 412 396 418 424 381 368 414 405 445 430 435 374 392 421 394 374 406 400 327 302 317 348 347 363 303 273 289 307 324 324 339 340 334 306 291 303 298 286 285 261 258 254 281 270 232 206 223 246 249 248 239 230 197 155 139 147 137 123 110 113 100 85 73 66 58
94 102 120 154 174 176 186 194 194 187 168 171 192 240 258 223 235 231 234 255 275 245 216 240 262 284 327 308 317 309 325 314 321 353 320 317 348 367 357 358 345 340 357 372 410 442 403 439 453 403 399 386 401 407 401 388 373 377 413 383 397 381 388 383 391 420 407 416 427 411 391 398 392 350 349 353 348 325 327 289 278 319 324 330 298 312 330 353 295 303 295 294 281 271 255 251 245 254 273 232 195 212 233 250 238 240 231 201 151 135 144 135 123 113 97 92 75 68 63 57
95 106 115 144 181 190 206 203 173 164 158 165 196 246 262 256 232 225 226 240 267 276 205 251 283 315 317 316 301 304 317 322 322 351 330 326 348 355 331 332 355 369 366 379 422 405 425 437 437 379 371 379 396 407 426 396 359 393 379 361 382 384 372 370 374 394 391 424 457 418 394 395 381 376 374 390 334 324 333 294 303 319 330 310 286 312 346 359 328 298 276 276 286 271 281 280 251 255 267 229 205 224 230 254 279 262 248 204 138 137 146 132 119 126 116 100 87 68 60 52
119 122 127 152 160 170 194 185 173 169 176 174 210 236 264 235 217 226 258 260 289 275 216 252 294 300 315 297 297 313 349 336 324 360 329 326 328 320 317 308 361 395 393 416 439 440 396 422 446 419 370 375 386 381 425 422 397 367 385 379 384 390 398 384 376 381 366 391 402 422 414 416 421 380 351 370 342 345 343 317 305 324 332 322 293 332 354 374 335 290 290 283 287 285 282 286 253 238 258 260 244 227 219 244 277 272 245 209 141 128 140 127 121 129 127 114 86 63 54 46
129 125 144 150 148 152 180 177 166 174 186 192 230 234 233 214 219 251 251 282 285 262 208 250 287 312 291 280 289 355 366 356 357 349 329 303 317 341 344 331 380 391 411 433 431 425 396 414 409 409 398 403 401 366 407 385 422 419 410 380 394 379 374 377 418 398 359 347 378 391 420 435 429 348 361 367 351 342 377 308 286 320 331 328 316 328 333 343 317 300 289 297 286 301 283 278 247 236 259 276 251 239 228 242 268 263 246 221 149 127 147 147 129 130 127 109 82 64 55 53
123 121 127 165 158 177 215 196 179 193 195 216 242 251 255 228 236 258 278 298 275 244 209 257 287 326 315 309 316 357 354 358 347 345 336 301 313 331 363 388 401 403 393 415 433 432 411 423 404 407 372 405 417 388 398 426 384 406 424 434 411 412 379 393 393 405 381 379 424 388 378 431 453 408 405 398 376 316 328 299 301 360 365 357 323 306 323 330 314 331 317 307 288 301 293 266 246 244 265 276 263 241 226 244 261 258 249 236 159 127 153 157 147 133 118 111 87 73 73 69
98 105 120 154 162 173 220 212 168 183 185 198 240 283 269 222 235 261 286 296 260 246 218 260 312 325 313 318 322 336 334 327 338 371 346 322 330 350 372 386 401 424 396 398 421 415 405 421 400 357 371 401 380 422 420 413 379 412 428 440 456 449 425 388 410 395 394 389 418 378 352 386 409 396 410 424 374 315 319 273 295 354 383 358 329 320 332 335 326 346 306 298 290 304 303 288 268 260 255 261 255 245 234 245 248 244 238 237 164 130 147 152 141 126 126 120 105 77 78 63
87 120 138 151 165 182 202 214 175 191 204 200 251 293 300 240 236 246 290 259 254 258 234 269 299 303 304 317 336 346 369 340 345 368 358 339 329 345 350 345 381 435 437 428 425 410 407 394 417 412 390 416 396 367 411 427 434 413 429 411 415 454 461 435 419 423 410 388 407 378 383 393 419 381 392 421 383 357 348 287 292 319 373 344 332 329 353 362 339 330 298 290 282 298 313 310 282 265 249 232 251 237 242 254 258 255 235 220 152 130 139 141 138 126 136 128 102 84 70 55
110 139 149 143 132 145 181 191 178 203 192 193 262 278 250 218 230 258 274 272 260 270 224 278 287 284 301 317 340 363 390 365 351 345 321 307 331 368 373 367 399 406 430 421 438 413 393 392 383 385 423 486 389 363 422 405 423 444 458 423 419 439 430 456 471 447 394 388 382 390 389 414 413 374 386 384 386 368 365 306 283 321 348 360 362 336 356 350 334 310 324 318 304 301 294 311 286 269 269 250 241 246 254 246 254 243 230 209 151 130 138 139 133 127 124 123 99 84 67 55
112 126 135 148 142 155 188 215 196 194 189 206 241 256 239 204 220 252 270 261 260 254 220 271 272 298 312 324 333 359 380 375 349 359 355 316 326 365 401 409 431 444 411 404 427 444 396 404 402 391 413 516 409 426 428 408 410 423 465 442 452 446 419 414 468 440 418 393 410 382 384 407 420 408 414 394 378 355 349 301 294 344 374 358 342 324 342 358 333 337 333 314 308 297 279 289 275 272 271 252 247 237 258 248 242 230 233 215 152 136 161 149 132 115 111 110 102 88 83 70
105 112 123 137 166 190 195 212 180 174 166 187 223 256 249 216 232 257 256 260 260 262 219 268 282 314 314 338 373 372 349 332 338 361 353 319 328 382 393 410 430 439 419 414 405 406 382 415 438 388 435 548 413 431 424 437 402 428 464 453 477 471 439 432 436 415 434 435 471 411 369 396 406 410 426 428 367 347 328 282 302 356 396 368 347 318 329 341 347 349 337 322 320 288 296 296 272 284 275 237 225 229 254 282 265 242 235 213 153 144 160 145 123 109 107 113 102 95 90 64
94 116 121 126 176 216 194 199 163 156 147 169 235 283 255 219 215 236 235 236 244 268 225 268 283 302 314 318 350 351 351 323 330 378 368 347 364 398 401 382 404 446 430 435 407 395 378 410 446 423 467 554 380 383 429 438 425 442 417 428 427 468 456 444 449 455 432 443 492 406 390 420 429 410 415 453 432 377 353 296 290 320 361 364 330 332 335 311 322 336 310 297 297 305 307 296 273 283 275 228 204 201 235 272 263 256 253 209 147 131 141 137 126 115 117 109 104 93 78 59
108 122 124 116 129 172 161 158 146 159 157 176 226 243 229 196 198 213 217 222 235 247 233 259 267 260 285 298 315 335 330 323 315 350 333 312 337 382 389 375 398 427 408 429 415 407 367 383 413 399 467 511 379 370 415 416 406 432 443 431 420 439 430 437 475 446 420 436 445 437 447 475 429 374 388 402 400 390 372 301 282 307 342 330 315 331 349 327 308 304 316 315 310 316 287 284 272 262 267 243 207 204 234 269 268 257 245 215 139 123 139 141 133 131 123 118 104 88 65 58
98 110 107 89 97 123 123 136 129 128 138 152 174 184 168 138 156 178 191 186 198 208 224 217 212 232 243 251 236 270 282 283 289 282 280 263 261 299 320 326 339 364 330 329 366 365 348 354 377 374 399 433 418 453 460 439 444 434 432 449 428 436 428 385 400 438 401 409 416 383 391 426 410 370 366 381 325 309 324 284 259 271 304 303 278 278 292 274 268 279 282 276 251 253 232 234 218 210 228 213 182 178 192 215 217 208 200 190 138 109 126 127 118 106 101 94 88 69 61 49
49 57 59 52 63 70 93 144 107 102 100 116 131 148 135 113 140 150 158 164 202 240 224 253 272 281 291 299 294 311 323 302 304 339 345 319 300 345 339 363 376 399 357 354 381 382 367 369 408 385 407 427 399 466 480 444 433 478 461 484 482 490 439 399 435 426 415 429 430 389 358 402 335 380 394 388 326 295 292 273 272 271 308 271 236 239 257 260 258 260 249 248 233 214 217 216 198 199 198 194 176 165 175 192 197 173 165 174 147 127 122 112 97 81 83 83 70 54 50 41
19 30 38 41 45 48 72 124 57 52 50 49 73 80 77 70 71 66 73 74 171 252 231 201 269 294 317 329 299 326 345 343 344 369 362 349 357 382 394 363 413 433 420 437 423 390 374 422 436 434 426 484 400 393 424 431 425 413 417 414 404 427 437 432 429 415 405 429 447 428 441 429 406 385 425 446 390 376 357 309 272 266 212 187 177 166 190 176 182 179 166 168 163 162 195 175 155 141 141 130 119 114 132 144 156 140 136 160 161 111 87 84 71 63 69 69 54 44 36 28
20 24 33 41 45 47 62 75 59 55 59 64 88 95 94 84 91 91 95 92 102 138 202 267 278 285 286 299 299 318 353 342 346 354 329 330 348 384 394 369 385 410 414 442 434 425 385 407 390 403 418 465 424 389 401 419 404 417 427 398 394 395 406 436 435 443 398 416 432 432 458 456 430 381 401 405 378 411 390 290 255 235 175 160 156 166 161 153 142 135 124 125 140 128 172 149 114 103 100 94 75 77 93 93 104 100 97 112 145 91 53 54 46 45 46 42 34 22 14 13
25 32 45 46 32 34 52 62 50 48 59 65 60 49 62 64 66 48 76 78 78 68 191 268 265 292 300 297 293 325 373 375 367 343 329 309 332 387 402 411 421 429 391 395 412 443 419 424 423 397 430 481 458 441 411 427 382 416 434 417 429 414 406 408 432 442 442 475 454 434 405 445 434 422 442 423 390 366 370 301 171 141 136 154 131 145 132 133 126 120 129 118 115 115 112 113 98 91 99 90 82 81 95 96 102 95 97 92 85 65 58 59 52 54 47 48 40 27 19 18
59 96 118 134 81 119 151 188 130 131 177 180 157 136 174 166 180 131 200 208 191 121 200 246 266 291 295 306 306 331 351 339 338 354 342 329 329 374 363 396 437 419 407 391 397 400 400 425 427 389 384 436 428 415 453 418 394 397 408 384 420 425 412 382 403 432 456 484 459 415 387 411 415 438 442 435 359 344 337 263 128 126 134 121 100 110 124 115 106 97 108 104 98 85 98 91 87 79 91 80 70 60 79 87 82 68 64 64 59 45 42 45 40 38 28 30 24 16 14 12
43 69 87 113 85 105 141 156 114 113 145 162 133 136 172 156 162 123 189 184 185 117 206 255 267 308 308 332 327 349 364 353 335 356 339 344 334 361 374 370 413 421 417 415 421 408 391 418 455 412 423 447 418 385 423 422 422 410 411 380 426 452 443 429 448 462 444 437 429 422 434 427 429 408 396 414 384 370 367 272 199 279 315 286 235 246 296 281 245 213 257 256 242 170 222 226 224 158 194 179 168 138 161 198 210 175 121 160 135 120 82 92 91 84 56 65 63 52 40 32
37 62 89 107 83 98 123 130 95 105 115 138 119 126 157 154 137 122 167 145 141 96 195 270 275 307 330 301 298 333 353 347 354 350 325 303 324 374 387 386 398 415 403 404 414 418 389 402 404 410 403 413 408 382 382 409 431 430 423 407 401 406 433 435 462 450 411 421 423 442 425 442 444 390 390 381 356 367 359 286 176 184 203 208 174 199 222 204 181 163 192 197 204 152 184 171 184 139 166 157 153 119 143 178 191 173 126 146 132 107 75 87 95 92 65 67 62 58 35 27
52 87 116 133 101 134 153 168 137 160 185 205 189 169 213 199 194 168 262 229 214 125 188 264 292 309 306 307 303 335 360 338 335 353 322 298 304 358 370 397 427 432 387 375 395 431 422 436 436 370 392 416 447 426 410 398 393 410 445 435 425 454 414 392 458 463 455 448 466 425 425 458 429 415 414 389 369 338 344 276 178 185 199 187 146 156 180 182 160 138 164 162 162 128 138 128 133 109 130 124 118 99 108 135 139 122 89 101 90 73 58 73 66 69 55 47 45 39 25 24
25 33 45 58 47 55 75 84 73 81 88 101 102 83 117 112 102 93 145 141 129 90 181 234 272 285 305 323 331 347 354 333 334 375 343 315 319 336 360 390 421 425 407 408 401 403 388 429 452 386 376 413 417 413 424 431 378 375 403 406 419 449 443 423 412 413 423 434 447 415 397 417 412 419 441 420 360 332 322 267 171 281 303 301 222 233 268 283 243 224 282 288 270 181 222 221 222 163 224 221 199 158 172 220 233 193 133 165 157 126 90 116 114 112 71 66 70 60 41 37
17 16 27 34 26 26 41 47 43 38 51 48 51 42 65 63 58 46 72 71 68 56 188 246 283 296 323 303 302 340 351 332 324 362 342 318 333 341 340 349 383 411 402 414 427 414 386 419 446 445 423 415 400 381 431 408 416 416 404 376 405 443 454 441 438 437 381 417 430 411 441 463 407 427 403 401 396 346 347 265 109 132 142 130 104 123 133 136 119 117 144 125 141 114 121 126 131 104 135 131 119 94 115 131 148 112 88 104 103 88 65 82 76 66 50 48 45 39 27 24
27 32 44 53 45 51 55 63 55 50 60 61 56 55 70 68 64 45 70 69 65 56 188 274 288 320 331 305 295 328 348 348 333 336 320 319 335 364 345 365 388 390 386 398 428 404 396 404 422 421 405 421 425 398 420 391 396 380 429 397 395 412 403 411 410 420 365 373 399 391 440 474 425 385 377 388 376 367 356 279 97 99 101 95 77 91 91 95 83 84 94 96 91 77 82 80 79 74 83 78 70 57 72 80 82 66 60 63 60 46 42 45 41 32 28 26 22 19 15 11
55 88 117 138 92 121 140 148 117 128 145 136 127 129 162 158 150 113 167 161 147 87 191 262 304 319 349 333 313 341 373 363 361 355 314 306 331 356 361 381 391 402 390 395 424 417 409 429 429 396 372 405 438 439 431 400 378 402 415 433 434 422 392 385 402 382 405 433 424 380 378 434 445 400 416 420 380 340 338 278 116 135 147 143 118 129 132 126 110 110 123 122 117 94 98 96 94 86 94 89 84 75 84 90 97 85 72 69 62 53 44 49 48 43 33 32 27 19 13 13
54 87 100 121 81 102 128 137 111 128 143 131 105 120 153 140 140 121 180 183 162 99 197 251 284 319 343 342 331 352 383 351 346 364 337 335 339 339 334 344 391 400 413 408 396 400 382 403 443 410 360 354 387 397 402 390 369 411 412 386 399 395 400 374 369 390 375 402 417 376 358 394 411 407 406 427 361 323 323 285 175 251 301 273 219 240 257 250 230 211 261 254 246 165 201 206 201 145 188 184 191 149 161 184 207 178 121 145 125 102 80 101 108 90 56 63 57 44 30 26
53 88 91 112 81 108 140 153 116 138 158 145 113 128 165 154 143 114 172 171 171 103 203 247 292 302 322 338 348 349 380 355 363 385 373 340 361 349 333 340 397 400 413 415 406 416 377 419 432 411 368 353 376 376 393 396 410 427 408 378 383 384 380 396 410 384 365 408 420 407 388 417 424 386 376 413 384 368 349 289 169 166 188 186 158 174 191 190 164 159 189 196 183 127 154 163 171 128 151 154 162 124 140 171 189 162 120 129 124 108 80 99 107 84 50 58 57 46 30 31
36 63 78 94 83 112 139 130 109 123 139 134 116 113 180 162 138 108 165 144 158 104 198 272 288 306 322 316 321 343 368 360 392 398 374 348 360 383 347 353 381 397 402 395 444 415 390 390 405 382 342 371 397 371 380 385 385 397 425 383 370 398 399 393 397 404 367 379 391 392 382 401 421 378 357 386 390 361 357 271 159 153 170 180 161 169 202 175 153 133 161 158 143 107 125 147 143 107 115 120 119 97 99 124 148 123 90 93 98 80 63 68 65 58 40 39 39 31 21 23
21 20 30 34 36 43 53 55 47 46 59 57 52 51 78 73 67 46 70 68 76 66 183 262 291 312 326 336 327 339 335 349 368 405 381 359 374 381 363 366 404 406 395 389 433 425 410 388 381 356 331 341 378 388 398 382 349 378 395 409 392 404 380 357 382 408 405 408 421 397 368 401 409 390 404 398 370 326 339 249 154 212 245 249 212 247 274 245 210 204 238 211 200 152 211 225 210 138 173 176 173 131 145 175 211 178 127 153 148 110 78 93 88 76 53 62 65 46 30 26
15 19 22 26 25 29 36 42 37 37 44 47 40 34 52 52 51 34 56 57 55 52 169 250 268 294 320 327 340 341 323 314 339 366 401 373 373 402 373 368 397 426 410 407 436 425 397 402 411 370 302 319 383 372 396 383 359 363 390 399 370 383 386 344 355 376 398 414 421 379 364 386 375 397 408 401 337 325 306 241 90 96 108 111 92 111 114 111 86 98 118 107 94 85 106 115 106 76 89 94 93 73 92 98 121 98 83 96 84 62 52 62 48 48 32 45 37 26 18 16
39 50 60 65 57 72 76 77 66 78 99 91 77 67 85 89 76 58 88 84 75 66 189 243 278 279 295 310 345 349 340 309 321 359 365 374 392 393 359 357 413 409 425 435 443 409 396 398 413 391 327 327 357 347 389 369 367 392 381 376 371 376 378 390 418 404 380 397 413 412 421 414 386 355 360 370 368 354 349 258 81 83 94 90 76 84 87 84 71 77 83 75 68 68 76 78 68 52 62 65 63 49 59 67 74 54 51 55 48 40 36 33 33 25 20 25 18 11 9 8
56 95 121 130 95 138 158 146 115 154 194 188 165 145 187 185 161 125 194 178 167 109 193 255 280 277 275 274 325 356 348 325 337 353 346 365 386 386 349 385 393 382 376 391 438 414 394 410 411 377 325 359 374 357 374 388 379 391 411 358 393 397 382 393 415 406 382 393 410 420 398 431 394 351 339 344 362 361 356 268 125 158 156 155 137 154 158 153 138 120 124 115 100 96 116 120 108 79 94 103 87 75 79 92 94 74 64 70 61 48 50 49 41 33 31 29 22 16 16 11
38 67 102 106 79 105 116 112 90 111 152 163 139 122 156 161 141 108 161 146 118 79 183 257 277 303 293 279 304 331 323 309 327 329 332 340 384 383 358 380 394 367 365 402 445 406 411 439 413 374 318 361 379 401 409 388 353 399 413 392 426 425 390 379 419 401 425 435 441 408 380 377 389 376 375 377 364 335 324 252 172 255 272 267 233 259 283 272 256 214 223 200 198 163 240 237 219 147 198 195 181 129 159 187 199 163 120 150 136 115 85 90 74 69 58 60 63 51 30 34
41 71 101 111 77 92 107 111 86 118 129 139 112 112 134 131 129 108 150 135 89 65 162 241 296 311 302 271 313 339 320 321 317 329 338 326 367 381 368 348 388 364 352 376 401 396 402 429 427 404 344 357 388 395 419 414 365 396 395 409 424 422 421 395 406 412 425 438 449 391 321 369 413 370 386 390 349 306 270 224 158 170 196 198 168 170 185 191 170 159 172 160 154 144 188 178 158 119 147 162 146 109 137 162 176 143 122 137 129 104 77 89 79 67 58 69 62 50 30 33
44 77 101 115 73 99 120 130 105 122 163 148 126 137 153 158 161 141 214 205 180 104 170 225 272 291 279 281 315 362 340 308 304 283 294 315 353 361 355 347 391 347 340 376 378 363 371 403 418 414 348 371 390 414 428 414 407 442 417 400 384 418 419 412 457 443 394 420 419 404 405 401 384 336 345 361 351 315 296 240 149 164 184 174 149 152 159 157 138 127 141 143 131 117 133 125 112 87 116 123 119 89 97 116 123 99 88 95 95 78 60 61 60 47 39 38 43 28 24 22
14 21 27 37 30 32 42 51 46 51 64 57 50 54 72 68 63 50 83 83 86 71 171 230 255 274 271 272 294 330 339 331 322 304 275 297 307 340 347 343 365 357 329 352 351 348 350 386 416 374 346 359 401 364 400 404 394 403 425 379 365 389 424 423 441 437 382 384 389 412 387 387 377 328 315 321 323 306 293 254 175 221 225 225 183 221 240 241 220 185 214 203 198 155 194 184 159 119 178 184 174 131 160 178 183 140 119 154 144 123 84 93 89 79 57 57 48 45 32 36
16 14 15 23 20 22 26 27 25 28 39 38 34 30 43 45 38 26 50 52 52 59 177 235 272 296 287 281 282 303 308 329 357 330 295 278 283 301 322 351 372 347 329 330 364 343 363 389 367 365 315 353 401 405 420 391 355 371 392 366 381 413 398 388 405 394 371 407 398 366 340 357 342 337 343 332 325 298 289 229 99 95 90 85 76 96 100 100 85 83 90 89 86 77 91 85 80 71 90 100 93 70 94 96 101 78 78 95 83 64 53 57 56 47 36 32 28 25 19 21
38 48 58 67 55 56 56 54 68 82 70 63 57 70 73 70 75 64 66 74 83 99 166 223 273 301 291 282 282 272 257 299 335 363 316 307 307 287 283 331 364 358 346 348 358 337 349 372 366 361 314 324 388 372 408 369 337 338 343 364 384 423 385 380 372 341 373 380 388 345 319 314 320 326 329 345 318 296 264 198 76 73 72 66 57 67 71 67 57 56 61 62 54 55 52 51 52 50 54 51 48 43 52 55 53 48 45 50 43 34 28 28 28 17 21 13 14 12 10 7
22 31 37 43 38 39 41 85 51 75 70 51 47 55 63 68 67 66 54 86 173 190 166 210 235 270 276 286 289 289 281 272 294 306 319 315 327 307 286 302 308 321 329 363 355 334 331 350 341 347 310 330 358 349 378 357 329 359 355 331 348 381 371 364 386 385 356 351 359 341 334 326 327 328 310 337 304 296 269 197 141 130 132 119 124 118 112 107 83 81 90 94 82 74 68 67 75 70 53 58 66 59 61 59 58 46 51 48 51 44 44 28 28 25 20 17 18 17 13 8
65 88 97 92 78 80 105 141 125 132 131 116 103 98 123 135 127 111 91 99 189 212 162 202 210 231 242 251 290 310 267 265 266 283 302 321 311 314 295 306 306 307 334 349 345 345 337 360 359 345 292 310 363 355 364 359 359 347 358 342 345 373 368 369 374 358 342 316 332 314 322 345 325 313 283 296 281 283 289 229 243 197 105 91 84 91 90 79 73 80 93 94 85 82 128 102 93 85 71 87 89 80 77 75 81 78 76 91 119 78 57 40 36 33 29 24 29 29 27 10
71 83 114 130 108 105 126 144 144 150 149 153 145 137 159 178 165 148 120 116 153 182 178 189 181 176 191 204 215 240 236 233 240 249 257 250 259 253 233 256 292 271 244 273 275 281 300 330 309 284 257 261 312 309 336 329 328 316 313 320 338 362 324 297 327 314 306 324 318 297 283 312 294 272 270 269 271 270 263 241 251 229 176 169 168 159 177 164 171 161 153 135 109 105 158 144 119 98 109 113 100 98 87 92 89 92 75 121 134 75 50 48 45 42 34 29 31 29 24 14
75 91 154 191 162 138 146 167 164 169 170 176 170 150 155 192 198 172 155 144 141 156 160 191 190 183 185 183 190 198 197 212 234 231 229 234 247 229 236 260 274 249 243 249 243 252 254 272 257 256 250 244 269 290 304 306 295 283 269 298 297 304 263 257 254 252 254 262 278 253 236 225 213 218 219 241 241 233 230 217 213 201 196 185 188 194 198 199 204 184 182 153 127 135 168 172 147 147 158 153 139 135 143 146 147 139 118 135 132 90 79 76 76 62 56 46 45 43 36 24
83 111 152 198 181 145 152 179 215 209 212 201 196 174 150 210 245 228 219 193 166 155 149 210 226 220 206 216 225 224 236 238 259 263 262 278 287 296 290 287 306 297 282 313 300 282 284 301 283 271 261 282 320 341 344 355 365 376 348 332 333 327 307 319 311 298 270 282 299 272 289 270 264 249 256 294 286 285 252 210 241 233 247 254 236 256 234 232 222 199 194 179 172 184 198 188 173 178 170 163 165 166 165 162 151 146 143 154 131 113 98 86 79 68 60 61 55 51 39 26
108 115 126 147 158 142 146 168 209 213 199 187 190 197 157 184 234 239 244 221 202 164 150 204 221 217 193 204 230 233 231 232 224 227 238 265 273 284 279 278 283 280 287 318 303 282 280 271 273 255 239 277 310 330 349 361 353 366 345 329 310 313 302 289 307 302 263 263 268 270 258 272 292 281 301 303 275 296 257 211 249 257 279 279 254 253 263 249 239 207 203 207 229 231 214 200 187 187 182 186 209 200 197 187 170 152 175 171 144 144 130 104 91 80 76 75 65 63 48 35
106 99 99 125 127 130 137 155 172 178 164 162 174 192 176 160 189 206 219 229 217 178 145 175 197 192 160 162 197 213 217 230 221 221 213 224 229 255 261 255 266 258 253 290 286 279 276 277 239 233 205 232 270 306 337 303 285 293 300 271 292 282 258 242 251 248 228 249 256 250 233 275 286 294 310 287 284 258 232 212 263 271 269 261 225 221 248 271 246 193 193 218 204 198 183 193 191 176 169 177 183 199 201 188 177 172 178 172 131 141 137 118 95 81 76 68 58 47 43 35
89 92 106 126 122 129 137 148 146 159 152 152 164 180 195 164 159 174 197 207 214 158 140 168 182 184 162 150 174 180 194 204 222 210 204 208 207 205 230 233 246 242 238 251 264 264 263 259 246 236 197 217 266 264 301 267 261 261 261 250 259 271 241 218 231 234 232 237 264 244 250 271 275 278 276 267 250 234 223 205 251 258 249 228 199 203 244 262 212 199 205 199 176 168 166 187 200 185 168 163 173 194 186 178 192 191 178 146 127 135 122 104 99 93 79 59 46 40 40 33
69 88 102 121 112 110 128 135 127 144 142 140 146 163 185 191 170 154 167 192 188 152 126 155 179 185 169 151 153 165 169 178 189 193 190 204 198 195 193 210 228 221 238 249 261 231 238 251 225 232 205 211 224 231 244 224 230 247 240 216 216 235 213 230 244 231 215 217 251 238 246 242 263 249 242 240 254 249 221 207 221 212 209 198 196 210 225 201 177 173 186 174 142 150 168 190 188 163 156 144 175 177 153 160 174 187 186 147 121 119 109 99 95 91 75 58 43 43 42 34
59 86 92 93 100 103 119 149 141 137 141 125 132 140 170 190 167 140 157 181 175 134 107 140 157 171 177 174 163 155 155 152 178 178 183 198 199 181 171 170 181 190 220 241 240 208 212 225 221 212 190 195 201 209 211 207 214 227 225 207 209 218 214 206 237 223 209 210 222 209 227 242 231 214 209 220 240 236 221 182 196 191 188 193 201 202 194 169 157 159 163 160 157 153 165 181 163 141 138 158 188 177 152 153 146 162 166 128 115 118 104 92 91 79 69 52 48 48 41 30
51 71 83 79 85 91 105 142 143 124 113 111 116 132 143 164 151 125 133 159 162 136 105 119 126 155 165 161 161 140 138 135 153 158 170 169 185 176 171 169 175 179 189 201 204 208 219 224 216 185 161 175 183 217 207 200 196 200 197 196 212 211 211 204 205 206 209 201 196 199 193 203 212 202 235 238 239 224 200 165 179 189 167 182 178 166 172 162 157 150 143 144 135 148 162 171 158 127 134 163 182 175 152 141 143 142 126 112 106 107 100 93 87 78 54 46 43 45 37 31
53 57 69 85 84 86 96 116 136 112 102 95 102 124 139 148 141 116 101 131 151 130 101 116 120 133 133 148 151 134 145 157 152 153 156 147 151 152 163 166 170 165 155 157 161 178 198 199 191 163 133 148 166 190 200 174 172 162 180 177 193 206 189 176 175 177 185 186 185 184 165 170 189 188 212 227 201 179 158 135 159 164 177 169 157 136 135 155 155 161 142 126 122 132 140 149 141 130 134 166 166 143 126 121 138 130 115 101 98 100 90 82 81 66 49 37 34 36 36 33
42 49 64 97 81 79 76 89 114 116 95 83 86 101 115 135 130 109 92 95 131 132 104 115 124 122 127 134 138 121 118 129 141 145 145 125 142 148 138 146 149 145 145 144 144 158 160 171 169 156 131 147 153 149 156 154 152 168 175 160 163 171 159 167 167 165 160 156 166 159 179 178 193 191 192 204 177 168 132 117 137 138 159 157 135 127 121 135 146 138 128 119 118 123 128 126 125 129 142 157 142 115 106 118 124 124 119 108 90 80 67 69 58 50 47 37 31 28 27 32
38 52 59 78 70 64 58 65 98 110 94 81 72 76 92 122 124 107 86 78 101 103 91 113 118 103 110 133 125 111 99 113 117 124 128 136 129 117 118 119 122 118 131 148 142 134 132 132 143 148 127 142 142 125 128 132 141 155 159 145 136 141 153 154 164 156 144 140 150 152 163 193 180 165 156 148 140 132 117 108 115 122 137 138 130 125 114 118 123 116 109 117 120 113 101 105 113 120 138 128 114 99 99 117 117 114 122 98 75 70 59 55 48 38 43 40 31 21 22 17
40 52 63 71 60 49 54 59 77 106 104 82 70 71 74 98 120 99 85 78 92 87 85 106 106 92 86 110 116 106 93 95 99 112 110 131 127 117 112 112 125 124 130 128 123 118 127 131 129 132 109 113 129 133 128 127 124 146 136 124 138 151 155 155 160 149 143 148 164 159 156 165 153 139 132 125 120 118 105 95 106 115 116 118 118 102 107 121 119 109 98 99 100 100 96 103 115 114 111 106 99 109 105 113 108 96 97 78 67 61 59 53 44 44 36 40 30 30 25 12
32 39 46 56 47 33 29 43 56 65 80 70 59 54 62 68 87 89 78 73 75 71 69 103 104 94 79 84 97 91 95 94 95 94 88 97 102 92 108 117 110 103 97 94 99 104 124 129 113 96 78 87 99 123 135 113 98 98 103 112 135 149 145 129 124 119 117 145 149 138 121 109 109 97 112 118 109 98 86 76 94 102 106 106 97 85 90 106 112 104 90 85 77 81 88 98 120 109 88 77 87 97 101 94 88 84 84 62 54 52 52 43 35 35 28 22 22 17 17 7
24 21 28 43 41 27 30 31 38 45 62 70 63 49 51 48 61 74 68 69 58 47 58 92 97 89 64 64 74 70 83 85 86 78 67 73 72 80 93 105 99 91 81 85 87 96 103 112 105 91 71 80 89 100 107 92 97 104 105 103 115 133 118 114 113 110 100 115 126 110 98 86 86 82 91 102 89 82 71 63 79 74 84 86 85 78 73 87 92 95 91 85 80 72 77 88 108 104 75 72 79 83 77 69 65 68 78 56 46 47 36 35 29 34 29 19 11 13 9 6
21 23 27 35 34 22 19 20 28 40 51 61 61 44 46 43 46 61 63 63 53 42 42 71 79 73 62 51 61 66 64 72 73 73 75 74 71 78 74 79 73 88 93 83 85 81 83 84 78 89 76 87 82 72 75 76 89 115 107 95 93 97 88 100 107 101 82 78 82 80 78 90 95 82 73 76 78 77 67 53 59 62 71 79 81 79 71 78 85 79 78 80 74 71 68 76 88 83 75 75 71 72 59 54 57 67 79 54 45 41 28 25 22 27 24 19 11 5 6 6
21 21 22 22 17 16 16 16 18 28 36 41 46 36 34 42 46 44 59 52 46 31 25 42 54 60 57 49 47 52 51 50 50 54 71 67 63 61 54 55 60 70 78 74 70 62 61 61 69 73 66 65 66 64 63 68 74 88 85 72 73 77 73 76 90 84 66 66 63 62 59 79 77 67 64 55 58 60 49 45 55 59 60 64 69 71 75 81 73 64 57 62 70 70 70 65 69 62 58 62 66 61 47 45 49 54 64 50 37 31 23 27 24 19 18 18 12 8 8 9
32 29 20 21 17 16 14 16 13 14 24 32 26 24 19 31 34 31 46 46 45 30 19 28 41 43 38 44 46 44 36 36 38 38 42 55 54 50 45 47 54 56 56 51 53 55 48 51 47 47 42 49 54 57 57 51 57 59 58 55 67 60 57 56 54 56 53 58 59 52 45 54 51 51 49 41 39 37 31 37 54 58 53 48 53 52 64 74 68 53 48 48 55 57 60 63 55 55 47 50 59 56 44 46 41 41 43 34 33 26 29 24 24 19 16 9 9 8 10 13
40 23 20 18 19 14 14 12 9 13 16 22 13 14 15 19 25 22 34 34 31 20 15 23 30 25 23 28 27 30 36 36 39 29 26 35 29 36 36 41 45 39 37 39 42 43 45 44 39 36 25 34 44 49 54 47 40 43 43 48 48 53 45 42 39 41 41 47 54 43 39 39 41 33 37 31 32 32 28 32 41 46 40 46 48 45 44 54 51 44 39 33 39 43 44 49 51 45 41 42 36 38 36 39 34 31 34 30 25 22 30 28 20 17 9 7 9 12 11 14
